440
2007002	技能傀儡术	1	
事件处理
0
5
25	1	0	2000	
44	1	0	2000005	
51	2	0	1500005	0	1	
51	2	0	1500019	0	0	
69	1	0	2701002	
2007003	技能青元剑芒	1	
事件处理
0
2
25	1	0	20161	
44	1	0	2000009	
2007005	技能冰盾术	1	
事件处理
0
5
25	1	0	2005	
44	1	0	2000002	
51	2	0	700056	0	0	
51	2	0	700061	0	0	
69	1	0	2701005	
2007006	技能剧毒傀儡	1	
事件处理
0
5
25	1	0	2001	
44	1	0	2000006	
51	2	0	800003	0	1	
51	2	0	800073	0	0	
69	1	0	2701006	
2007007	技能巨剑惊芒	1	
事件处理
0
5
25	1	0	2015	
44	1	0	2000010	
51	2	0	800048	0	1	
51	2	0	800064	0	0	
69	1	0	2701007	
2007008	技能炎爆术	1	
事件处理
0
5
25	1	0	2019	
44	1	0	2000014	
51	2	0	700064	0	1	
51	2	0	700063	0	0	
69	1	0	2701008	
2007009	技能雷盾术	1	
事件处理
0
5
25	1	0	2006	
44	1	0	2000003	
69	1	0	2701009	
51	2	0	2000009	0	0	
51	2	0	2000001	0	0	
2007010	技能剑罡傀儡	1	
事件处理
0
5
25	1	0	2002	
44	1	0	2000007	
69	1	0	2701010	
51	2	0	2200037	0	1	
51	2	0	2200038	0	0	
2007011	技能剑影雷芒	1	
事件处理
0
5
25	1	0	20163	
44	1	0	2000011	
69	1	0	2701011	
51	2	0	1700142	0	1	
51	2	0	1700146	0	0	
2007012	技能火凤诀	1	
事件处理
0
4
25	1	0	2018	
44	1	0	2000015	
51	2	0	1610058	0	0	
69	1	0	2701012	
2007013	技能金盾术	1	
事件处理
0
5
25	1	0	2007	
44	1	0	2000004	
69	1	0	2701013	
51	2	0	3000150	0	1	
51	2	0	3000147	0	0	
2007014	技能傀儡大军	1	
事件处理
0
5
25	1	0	2003	
44	1	0	2000008	
69	1	0	2701014	
51	2	0	3100092	0	1	
51	2	0	3100091	0	0	
2007015	技能大庚剑阵	1	
事件处理
0
4
25	1	0	20164	
44	1	0	2000012	
69	1	0	2701015	
51	2	0	2900202	0	0	
2007016	技能雷火诀	1	
事件处理
0
5
25	1	0	2021	
44	1	0	2000016	
69	1	0	2701016	
51	2	0	3300132	0	1	
51	2	0	3300131	0	0	
2007102	技能傀儡术动画播放	1	
事件处理
0
1
23	1	0	2007002	
2007103	技能气剑诀动画播放	1	
事件处理
0
1
23	1	0	2007003	
2007105	技能冰盾术动画播放	1	
事件处理
0
1
23	1	0	2007005	
2007106	技能剧毒傀儡动画播放	1	
事件处理
0
1
23	1	0	2007006	
2007107	技能剧怒剑诀动画播放	1	
事件处理
0
1
23	1	0	2007007	
2007108	技能剧火弹连发动画播放	1	
事件处理
0
1
23	1	0	2007008	
2007109	技能剧雷盾术动画播放	1	
事件处理
0
1
23	1	0	2007009	
2007110	技能剑罡傀儡动画播放	1	
事件处理
0
1
23	1	0	2007010	
2007111	技能灭剑诀动画播放	1	
事件处理
0
1
23	1	0	2007011	
2007112	技能熔火爆发动画播放	1	
事件处理
0
1
23	1	0	2007012	
2007113	技能金盾术动画播放	1	
事件处理
0
1
23	1	0	2007013	
2007114	技能傀儡大军动画播放	1	
事件处理
0
1
23	1	0	2007014	
2007115	技能神剑诀动画播放	1	
事件处理
0
1
23	1	0	2007015	
2007116	技能炎弹术动画播放	1	
事件处理
0
1
23	1	0	2007016	
2007202	技能傀儡术动画播放	1	
事件处理
0
1
23	1	0	1007002	
2007205	技能冰盾术动画播放	1	
事件处理
0
1
23	1	0	1007005	
2007206	技能剧毒傀儡动画播放	1	
事件处理
0
1
23	1	0	1007006	
2007207	技能剧怒剑诀动画播放	1	
事件处理
0
1
23	1	0	1007007	
2007208	技能剧火弹连发动画播放	1	
事件处理
0
1
23	1	0	1007008	
2007209	技能剧雷盾术动画播放	1	
事件处理
0
1
23	1	0	1007009	
2007210	技能剧剑罡傀儡动画播放	1	
事件处理
0
1
23	1	0	1007010	
2007211	技能灭剑诀动画播放	1	
事件处理
0
1
23	1	0	1007011	
2007212	技能熔火爆发动画播放	1	
事件处理
0
1
23	1	0	1007012	
2007213	技能金盾术动画播放	1	
事件处理
0
1
23	1	0	1007013	
2007214	技能傀儡大军动画播放	1	
事件处理
0
1
23	1	0	1007014	
2007215	技能神剑诀动画播放	1	
事件处理
0
1
23	1	0	1007015	
2007216	技能炎弹术动画播放	1	
事件处理
0
1
23	1	0	1007016	
2007998	祖传胡氏炼器	1	
事件处理
0
3
44	1	0	1000031	
51	2	0	700038	0	1	
51	2	0	700065	0	0	
2007999	祖传胡氏炼器动画播放	1	
事件处理
0
1
23	1	0	1007998	
2101001	黄枫谷吴风对话判断	4	
事件处理
1
3	2	2	0	4101009	13	3	
1
23	1	0	1001009	
事件处理
1
3	2	2	0	4101008	13	3	
1
0	2	0	210100101	0	1	
事件处理
1
4	3	
8	1	
3	2	2	0	4101008	13	3	
8	1	
3	2	2	0	4101009	13	3	
8	1	
3	2	2	0	4101026	13	3	
1
1	2	0	210100102	0	1	
事件处理
1
3	2	2	0	4101026	13	3	
1
23	1	0	1001018	
2102001	黄枫谷马韬对话判断	2	
事件处理
1
3	2	2	0	4101025	13	3	
1
23	1	0	1001017	
事件处理
1
4	2	
8	1	
3	2	2	0	4101025	13	3	
8	1	
3	2	2	0	4101142	13	3	
1
1	2	0	2102001	0	1	
2102004	百药园书架1	1	
事件处理
1
3	2	2	0	4101006	13	3	
1
23	1	0	1001201	
2102005	百药园床	6	
事件处理
1
3	2	2	0	4101121	13	3	
2
5	1	0	4101121	
4	1	0	4101007	
事件处理
1
8	1	
5	5	
3	2	2	0	4101024	13	3	
3	2	2	0	4101143	13	3	
3	2	2	0	4101011	13	3	
3	2	2	0	4101010	13	3	
3	2	2	0	4101142	13	3	
1
23	1	0	1001908	
事件处理
1
3	2	2	0	4101011	13	3	
4
5	1	0	4101011	
4	1	0	4101012	
23	1	0	1001926	
60	1	0	0	
事件处理
1
3	2	2	0	4101024	13	3	
1
23	1	0	1001927	
事件处理
1
3	2	2	0	4101143	13	3	
1
23	1	0	1001925	
事件处理
1
3	2	2	0	4101010	13	3	
1
1	2	0	1116401	0	1	
2104002	仙竹林牛韬对话判断	3	
事件处理
1
3	2	2	0	4101017	13	3	
1
0	2	0	2104002	0	1	
事件处理
1
4	2	
8	1	
3	2	2	0	4101017	13	3	
8	1	
3	2	2	0	4101018	13	3	
1
1	2	0	2104002	0	1	
事件处理
1
3	2	2	0	4101019	13	3	
1
1	2	0	2104002	0	1	
2104003	播放剧情1001997	1	
事件处理
0
3
51	2	0	1400999	0	0	
5	1	0	4101017	
4	1	0	4101018	
2105001	阵中仙	1	
事件处理
1
3	2	2	0	4101111	13	3	
1
23	1	0	1001910	
2108004	筑基丹丹方	1	
事件处理
1
3	2	2	0	4101152	13	3	
1
23	1	0	1001929	
3101001	黄枫谷进场	9	
事件处理
1
3	2	2	0	4101023	13	3	
1
23	1	0	1001015	
事件处理
1
8	1	
5	4	
3	2	2	0	4101023	13	3	
3	2	2	0	4104015	13	3	
3	2	2	0	4105001	13	3	
3	2	2	0	4301006	13	3	
1
45	1	0	10101	
事件处理
1
3	2	2	0	4301004	13	3	
1
5	1	0	4301004	
事件处理
1
3	2	2	0	4101012	13	3	
1
23	1	0	1001011	
事件处理
0
1
58	2	1	0	0	4104015	
事件处理
1
3	2	2	0	4301006	13	3	
1
23	1	0	1001995	
事件处理
1
3	2	2	0	4102002	13	3	
5
69	1	0	2101406	
69	1	0	2101407	
69	1	0	4101408	
69	1	0	2101428	
69	1	0	2101418	
事件处理
1
3	2	2	0	4103003	13	3	
5
69	1	0	2101414	
69	1	0	2101103	
69	1	0	2101104	
69	1	0	2101106	
69	1	0	2101107	
事件处理
1
3	2	2	0	4103001	13	3	
8
69	1	0	2101204	
69	1	0	2101203	
69	1	0	2101207	
69	1	0	2101208	
69	1	0	2101202	
69	1	0	2101205	
69	1	0	2101206	
69	1	0	2101201	
3101002	黄枫谷区域判断（防重置）	1	
事件处理
1
3	2	2	0	4101001	13	1	
1
4	1	0	4101001	
3101003	黄枫谷区域判断	1	
事件处理
1
3	2	2	0	4101003	13	3	
1
23	1	0	1001005	
3101004	黄枫谷区域判断	1	
事件处理
1
3	2	2	0	4105002	13	3	
1
23	1	0	1005002	
3101005	黄枫谷区域判断	1	
事件处理
1
3	2	2	0	4101007	13	3	
1
23	1	0	1001008	
3101007	黄枫谷正门区域阻挡	1	
事件处理
1
5	5	
3	2	2	0	4101010	13	1	
3	2	2	0	4101010	13	2	
3	2	2	0	4101010	13	3	
3	2	2	0	4101010	13	4	
3	2	2	0	4101010	13	5	
1
23	1	0	1001903	
3101008	黄枫谷传功阁区域阻挡	1	
事件处理
1
5	5	
3	2	2	0	4101006	13	1	
3	2	2	0	4101006	13	2	
3	2	2	0	4101006	13	3	
3	2	2	0	4101006	13	4	
3	2	2	0	4101006	13	5	
1
23	1	0	1001904	
3101009	黄枫谷百药园区域阻挡	1	
事件处理
1
5	5	
3	2	2	0	4101004	13	1	
3	2	2	0	4101004	13	2	
3	2	2	0	4101004	13	3	
3	2	2	0	4101004	13	4	
3	2	2	0	4101004	13	5	
1
23	1	0	1001905	
3101010	黄枫谷区域判断	1	
事件处理
1
3	2	2	0	4101012	13	3	
2
5	1	0	4101012	
4	1	0	4101013	
3101011	黄枫谷区域判断	1	
事件处理
1
4	2	
3	2	2	0	4101012	13	0	
8	1	
3	2	2	0	4101022	13	0	
1
23	1	0	1001909	
3101012	黄枫谷长老洞府	1	
事件处理
1
3	2	2	0	4101027	13	3	
1
23	1	0	1001019	
3101013	黄枫谷出门判断	3	
事件处理
1
3	2	2	0	4101028	13	3	
1
0	2	0	1010001	0	1	
事件处理
1
3	2	2	0	4103006	13	3	
1
0	2	0	1030001	0	1	
事件处理
1
3	2	2	0	4105003	13	3	
1
0	2	0	1050001	0	1	
3101014	黄枫谷第五章开始	1	
事件处理
1
3	2	2	0	4105001	13	3	
1
23	1	0	1005001	
3101015	黄枫谷区域判断	1	
事件处理
1
3	2	2	0	4101004	13	3	
1
23	1	0	1001006	
3101101	黄枫谷各种初始阻挡	1	
事件处理
1
8	1	
3	2	2	0	4101009	13	0	
1
23	1	0	1001801	
3101102	黄枫谷各种初始阻挡	1	
事件处理
1
8	1	
3	2	2	0	4101009	13	0	
1
23	1	0	1001802	
3101103	黄枫谷各种初始阻挡	1	
事件处理
0
1
23	1	0	1001803	
3101104	黄枫谷各种初始阻挡	1	
事件处理
1
8	1	
3	2	2	0	4101008	13	3	
1
23	1	0	1001804	
3101105	黄枫谷各种初始阻挡	1	
事件处理
1
8	1	
3	2	2	0	4101009	13	0	
1
23	1	0	1001805	
3101106	黄枫谷各种初始阻挡	1	
事件处理
0
1
23	1	0	1001806	
3101201	黄枫谷议事大殿血禁	1	
事件处理
1
3	2	2	0	4102002	13	3	
1
23	1	0	1002101	
3101301	黄枫谷议事大殿守阴守阳	1	
事件处理
1
3	2	2	0	4103004	13	3	
1
23	1	0	1003007	
3101302	黄枫谷议事大殿守阴守阳	1	
事件处理
1
3	2	2	0	4103004	13	3	
1
23	1	0	1003008	
3101303	黄枫谷议事大殿守阴守阳	1	
事件处理
1
3	2	2	0	4103005	13	3	
1
23	1	0	1003009	
3101502	黄枫谷议事大殿商量失踪	1	
事件处理
1
3	2	2	0	4105002	13	3	
1
23	1	0	1005002	
3101997	黄枫谷入场	1	
事件处理
0
2
45	1	0	10101	
5	1	0	4301006	
3101998	黄枫谷入场	1	
事件处理
1
3	2	2	0	4301006	13	3	
2
51	2	0	1000999	0	0	
58	2	1	3	0	3101997	
3101999	黄枫谷各种传送	3	
事件处理
1
3	2	2	0	4101028	13	3	
1
31	1	0	10106	
事件处理
1
3	2	2	0	4103006	13	3	
1
31	1	0	10304	
事件处理
1
3	2	2	0	4105003	13	3	
1
31	1	0	10501	
3102000	百药园进场判断	5	
事件处理
1
3	2	2	0	4101030	13	3	
3
5	1	0	4101030	
4	1	0	4102002	
23	1	0	8002	
事件处理
1
8	1	
5	3	
3	2	2	0	4101030	13	3	
3	2	2	0	4102002	13	3	
3	2	2	0	4102023	13	3	
1
45	1	0	10102	
事件处理
1
3	2	2	0	4103003	13	3	
1
23	1	0	1003006	
事件处理
1
3	2	2	0	4102023	13	3	
1
23	1	0	1003001	
事件处理
1
3	2	2	0	4101025	13	3	
1
23	1	0	1001017	
3102001	百药园区域判断	1	
事件处理
1
3	2	2	0	4101141	13	3	
1
23	1	0	1001007	
3102003	百药园区域判断	1	
事件处理
1
3	2	2	0	4101010	13	3	
1
23	1	0	1001010	
3102004	百药园区域判断	1	
事件处理
2
3	2	2	0	4101030	13	0	
3	2	2	0	4301005	13	3	
2
5	1	0	4301005	
44	1	0	1000028	
3102005	百药园区域判断	1	
事件处理
1
5	2	
3	2	2	0	4101121	13	3	
3	2	2	0	4101142	13	3	
1
23	1	0	1001924	
3103001	黄枫谷舞仙坪进场	3	
事件处理
1
3	2	2	0	4101001	13	3	
1
23	1	0	1001101	
事件处理
1
8	1	
3	2	2	0	4101001	13	3	
1
45	1	0	10103	
事件处理
1
3	2	2	0	4105009	13	3	
1
23	1	0	1005012	
3103002	黄枫谷舞仙坪棋盘前	1	
事件处理
1
3	2	2	0	4101101	13	3	
1
23	1	0	1001102	
3103003	黄枫谷舞仙坪棋盘后	1	
事件处理
1
3	2	2	0	4101104	13	3	
1
23	1	0	1001103	
3103004	黄枫谷舞仙坪陈巧倩区域阻挡	1	
事件处理
1
5	5	
3	2	2	0	4101102	13	1	
3	2	2	0	4101102	13	2	
3	2	2	0	4101102	13	3	
3	2	2	0	4101102	13	4	
3	2	2	0	4101102	13	5	
1
23	1	0	1001906	
3103005	黄枫谷舞仙坪仙子坪	1	
事件处理
1
3	2	2	0	4101104	13	3	
1
23	1	0	1001901	
3103101	黄枫谷舞仙坪刷怪1	1	
事件处理
0
1
51	2	0	1100019	0	0	
3103102	黄枫谷舞仙坪刷怪1	1	
事件处理
0
1
51	2	0	1100074	0	0	
3104001	黄枫谷仙竹林进场	3	
事件处理
1
3	2	2	0	4101013	13	3	
1
23	1	0	1001012	
事件处理
0
1
45	1	0	10104	
事件处理
1
8	1	
3	2	2	0	4301003	13	0	
1
4	1	0	4301003	
3104002	黄枫谷仙竹林禁制前	1	
事件处理
1
3	2	2	0	4101014	13	3	
1
23	1	0	1001914	
3104003	黄枫谷仙竹林禁制后	1	
事件处理
1
3	2	2	0	4101015	13	3	
2
5	1	0	4101015	
4	1	0	4101016	
3104004	黄枫谷仙竹林牛韬	1	
事件处理
1
3	2	2	0	4101016	13	3	
1
23	1	0	1001301	
3104005	黄枫谷仙竹林向之礼	1	
事件处理
1
3	2	2	0	4101020	13	3	
1
23	1	0	1001013	
3104006	黄枫谷仙竹林向之礼	1	
事件处理
1
3	2	2	0	4101021	13	3	
1
23	1	0	1001014	
3104008	仙竹林梦华鸟动画播放	1	
事件处理
1
3	2	2	0	4101021	13	3	
1
23	1	0	1001014	
3104009	黄枫谷仙竹林梦华鸟死亡	1	
事件处理
1
3	2	2	0	4101022	13	3	
1
23	1	0	1001020	
3104010	禁地风小妖出场	1	
事件处理
1
3	2	2	0	4301003	13	3	
2
5	1	0	4301003	
23	1	0	1001920	
3104999	仙竹林任务完成测试	1	
事件处理
1
5	1	
3	2	2	0	4101017	13	3	
2
4	1	0	4101019	
5	1	0	4101017	
3105001	黄枫谷修习之阵进场	2	
事件处理
1
3	2	2	0	4101008	13	3	
1
23	1	0	1001907	
事件处理
1
8	1	
3	2	2	0	4101008	13	3	
1
45	1	0	10105	
3105003	修习之阵阻挡	1	
事件处理
1
3	2	2	0	4101111	13	3	
1
23	1	0	1001912	
3105004	修习之阵调用	1	
事件处理
0
1
71	0	
3106000	太岳山脉进场	3	
事件处理
1
8	1	
3	2	2	0	4101030	13	3	
1
45	1	0	3106000	
事件处理
1
3	2	2	0	4101030	13	3	
1
23	1	0	1001024	
事件处理
1
8	1	
3	2	2	0	4301002	13	0	
1
4	1	0	4301002	
3106001	太岳山脉陆风扬	1	
事件处理
1
3	2	2	0	4101028	13	3	
1
23	1	0	1001025	
3106002	太岳山脉熊精出场	1	
事件处理
1
3	2	2	0	4301002	13	3	
2
5	1	0	4301002	
23	1	0	1001918	
3106003	太岳山脉陆风扬	1	
事件处理
1
3	2	2	0	4103030	13	3	
1
23	1	0	1001024	
3106004	陆风扬跳转	1	
事件处理
0
1
31	1	0	10106	
3107001	黄枫谷弟子房进场1	3	
事件处理
1
3	2	2	0	4301000	13	3	
1
23	1	0	1001001	
事件处理
1
4	2	
8	1	
3	2	2	0	4301000	13	3	
8	1	
3	2	2	0	4101002	13	3	
1
45	1	0	10107	
事件处理
1
3	2	2	0	4103002	13	0	
1
69	1	0	2107101	
3107002	黄枫谷弟子房进场2	1	
事件处理
1
3	2	2	0	4101002	13	3	
1
23	1	0	1001004	
3107003	黄枫谷区域判断	1	
事件处理
1
3	2	2	0	4101001	13	3	
1
23	1	0	1001902	
3107004	黄枫谷区域判断	1	
事件处理
1
8	1	
3	2	2	0	4301001	13	0	
1
23	1	0	1001909	
3107005	黄枫谷区域判断	1	
事件处理
1
8	1	
3	2	2	0	4301001	13	0	
1
5	1	0	4301001	
3107006	黄枫谷区域判断	1	
事件处理
1
8	1	
3	2	2	0	4301001	13	0	
1
44	1	0	1002502	
3107007	黄枫谷区域判断	1	
事件处理
1
3	2	2	0	4101002	13	0	
1
23	1	0	1001913	
3107008	初始地图跳转判断	1	
事件处理
1
8	1	
3	2	2	0	4101001	13	0	
1
31	1	0	10110	
3107009	初次去黄枫谷	1	
事件处理
1
3	2	2	0	4101003	13	3	
1
31	1	0	4101004	
3108001	黄枫谷功能区进场	1	
事件处理
0
1
45	1	0	10108	
3108002	黄枫谷芥子空间引导	1	
事件处理
1
3	2	2	0	4101131	13	3	
1
23	1	0	1001021	
3108003	黄枫谷芥子空间引导	1	
事件处理
1
3	2	2	0	4103003	13	3	
1
23	1	0	1003005	
3108004	黄枫谷炼丹序列暂时用配置	1	
事件处理
1
3	2	2	0	4103002	13	3	
1
23	1	0	1003004	
3108005	黄枫谷炼丹序列暂时用配置	1	
事件处理
1
3	2	2	0	4103001	13	3	
1
23	1	0	1003003	
3108006	黄枫谷炼丹序列暂时用配置	1	
事件处理
1
3	2	2	0	4101151	13	3	
1
23	1	0	1001928	
3108007	筑基特效	1	
事件处理
0
1
58	2	1	8.5	0	3108008	
3108008	筑基特效	1	
事件处理
0
1
68	2	6	133.0064,27.03646,95.67448	0	770	
3108009	筑基特效	1	
事件处理
0
1
70	1	0	770	
3110001	第二章弟子房区域判断	1	
事件处理
1
3	2	2	0	4102004	13	3	
1
23	1	0	1002104	
3201001	第二章血禁通道区域判断	2	
事件处理
1
3	2	2	0	4102003	13	3	
1
23	1	0	1002102	
事件处理
1
3	2	2	0	4102101	13	3	
1
23	1	0	1002201	
3201002	第二章血禁通道区域判断	1	
事件处理
1
3	2	2	0	4102004	13	3	
1
23	1	0	1002103	
3201003	第二章血禁通道进场判断	2	
事件处理
1
3	2	2	0	4102004	13	3	
1
23	1	0	1002105	
事件处理
1
4	2	
3	2	2	0	4302001	13	3	
3	2	2	0	4102005	13	3	
1
23	1	0	1002042	
3201004	第二章血禁通道区域判断	1	
事件处理
1
3	2	2	0	4102005	13	3	
1
23	1	0	1002999	
3201005	第二章血禁通道NPC删除	1	
事件处理
0
9
69	1	0	2201001	
69	1	0	2205054	
69	1	0	2205055	
69	1	0	2205051	
69	1	0	2205044	
69	1	0	2205043	
69	1	0	2205041	
69	1	0	2205042	
69	1	0	2205033	
3202001	第二章血禁外层区域判断	1	
事件处理
1
3	2	2	0	4102005	13	3	
1
23	1	0	1002002	
3202003	第二章血禁外层区域判断-胡烈火	1	
事件处理
1
3	2	2	0	4102007	13	3	
1
23	1	0	1002005	
3202004	第二章血禁外层区域判断-胡烈火	1	
事件处理
0
2
23	1	0	1007008	
58	2	1	0	0	4102010	
3202005	第二章血禁外层进入猿王区域	1	
事件处理
1
3	2	2	0	4102009	13	3	
1
23	1	0	1002301	
3202006	第二章血禁外层进入猿王区域	1	
事件处理
1
8	1	
3	2	2	0	4102011	13	0	
1
23	1	0	1002302	
3203001	第二章血禁内层区域判断-陈巧倩	1	
事件处理
1
3	2	2	0	4102012	13	3	
1
23	1	0	1002010	
3203002	第二章血禁内层区域判断-陈巧倩	1	
事件处理
1
3	2	2	0	4102014	13	3	
1
23	1	0	1002031	
3203003	第二章血禁内层区域判断-陈巧倩	1	
事件处理
1
3	2	2	0	4102015	13	3	
1
23	1	0	1002032	
3203005	第二章血禁内层区域判断-陈巧倩	2	
事件处理
1
3	2	2	0	4102018	13	3	
1
23	1	0	1002041	
事件处理
1
8	1	
3	2	2	0	4102017	13	0	
1
23	1	0	1002305	
3203006	第二章血禁内层看到天灵果	1	
事件处理
1
8	1	
3	2	2	0	4302002	13	0	
2
23	1	0	1002303	
5	1	0	4302002	
3204001	第二章血禁中心区域判断-当当当	1	
事件处理
1
3	2	2	0	4102020	13	3	
3
23	1	0	1002021	
5	1	0	4102020	
4	1	0	4102021	
3204002	第二章血禁中心区域判断-墨蛟	1	
事件处理
1
3	2	2	0	4102021	13	3	
1
23	1	0	1002202	
3204003	第二章血禁中心区域判断-墨蛟	1	
事件处理
0
1
1	2	0	1212021	0	1	
3204004	第二章血禁中心区域判断-墨蛟	1	
事件处理
0
1
23	1	0	1002024	
3204901	南宫婉施法特效	1	
事件处理
0
3
68	2	6	0,0,0	0	783	
68	2	6	0,0,0	0	784	
68	2	6	0,0,0	0	785	
3204902	南宫婉施法特效	1	
事件处理
0
2
58	2	1	0	0	3204903	
58	2	1	0.3	0	3204904	
3204903	南宫婉施法特效	1	
事件处理
0
1
68	2	6	0,0,0	0	786	
3204904	南宫婉施法特效	1	
事件处理
0
3
70	1	0	783	
70	1	0	784	
70	1	0	785	
3304000	寒池仙境入场	4	
事件处理
1
3	2	2	0	4104014	13	3	
1
23	1	0	1004020	
事件处理
1
3	2	2	0	4104015	13	3	
1
23	1	0	1004022	
事件处理
1
3	2	2	0	4103006	13	3	
1
23	1	0	1003010	
事件处理
1
3	2	2	0	4104013	13	3	
1
23	1	0	1004018	
3304001	寒池仙境	1	
事件处理
1
3	2	2	0	4103006	13	3	
1
23	1	0	1003010	
3304002	寒池仙境	1	
事件处理
1
3	2	2	0	4103007	13	3	
1
23	1	0	1003011	
3304003	寒池仙境	1	
事件处理
1
3	2	2	0	4103008	13	3	
1
23	1	0	1003012	
3304004	寒池仙境	1	
事件处理
1
3	2	2	0	4103009	13	3	
1
23	1	0	1003013	
3304005	寒池仙境韩立洞府	1	
事件处理
1
3	2	2	0	4103010	13	3	
1
23	1	0	1003014	
3304006	颠倒五行阵打开	1	
事件处理
0
1
68	2	6	412.3856,199.7954,545.584	0	775	
3304999	寒池仙境暂用	2	
事件处理
1
3	2	2	0	4103009	13	3	
3
5	1	0	4103009	
4	1	0	4104001	
31	1	0	10401	
事件处理
1
3	2	2	0	4103010	13	3	
3
5	1	0	4103010	
4	1	0	4104001	
31	1	0	10401	
3305001	颠倒五行阵1	1	
事件处理
1
3	2	2	0	4103011	13	3	
1
23	1	0	1003015	
3307001	五行之眼	3	
事件处理
1
3	2	2	0	4104003	13	3	
1
23	1	0	1004004	
事件处理
1
3	2	2	0	4103012	13	3	
1
23	1	0	1003016	
事件处理
1
3	2	2	0	4104008	13	3	
1
23	1	0	1004012	
3307002	五行之眼黄龙击杀	1	
事件处理
1
3	2	2	0	4103013	13	3	
1
23	1	0	1003017	
3307003	五行之眼去坠魔谷	1	
事件处理
0
1
31	1	0	10402	
3401001	心境之末进场判断	2	
事件处理
1
3	2	2	0	4104003	13	3	
1
23	1	0	1004005	
事件处理
1
3	2	2	0	4103013	13	3	
1
23	1	0	1004001	
3401002	心境之末	1	
事件处理
1
3	2	2	0	4104002	13	3	
1
23	1	0	1004003	
3401003	心境之末	1	
事件处理
1
3	2	2	0	4104006	13	3	
1
23	1	0	1004009	
3401004	心境之末	1	
事件处理
1
3	2	2	0	4104004	13	3	
1
23	1	0	1004007	
3401005	心境之末	1	
事件处理
1
3	2	2	0	4104005	13	3	
1
23	1	0	1004008	
3401006	心境之末	1	
事件处理
1
3	2	2	0	4104007	13	3	
1
23	1	0	1004010	
3401007	心境之末	1	
事件处理
1
3	2	2	0	4104001	13	3	
1
23	1	0	1004002	
3401008	心境之末	1	
事件处理
0
1
31	1	0	10307	
3401009	心境之末	1	
事件处理
1
3	2	2	0	4104008	13	3	
1
23	1	0	1004011	
3401101	墨大夫击杀延时处理	1	
事件处理
0
1
58	2	1	1	0	3401102	
3401102	墨大夫击杀延时处理	1	
事件处理
0
1
31	1	0	10307	
3401103	心魔王蝉击杀延时处理	1	
事件处理
0
1
58	2	1	1	0	3401104	
3401104	心魔王蝉击杀后地图跳转	1	
事件处理
0
1
31	1	0	10304	
3401501	心境之漠引导NPC	1	
事件处理
0
1
69	1	0	4002401	
3401502	心境之漠引导NPC	1	
事件处理
0
1
69	1	0	4002402	
3401503	心境之漠引导NPC	1	
事件处理
0
1
69	1	0	4002403	
3401504	心境之漠引导NPC	1	
事件处理
0
1
69	1	0	4002404	
3401505	心境之漠引导NPC	1	
事件处理
0
1
69	1	0	4002405	
3401506	心境之漠引导NPC	1	
事件处理
0
1
69	1	0	4002406	
3401507	心境之漠引导NPC	1	
事件处理
0
1
69	1	0	4002407	
3401508	心境之漠引导NPC	1	
事件处理
0
1
69	1	0	4002411	
3401509	心境之漠引导NPC	1	
事件处理
0
1
69	1	0	4002412	
3401510	心境之漠引导NPC	1	
事件处理
0
1
69	1	0	4002408	
3401511	心境之漠引导NPC	1	
事件处理
0
1
69	1	0	4002410	
3401512	心境之漠引导NPC	1	
事件处理
0
1
69	1	0	4002409	
3401601	心境之漠引导NPC	1	
事件处理
1
3	2	2	0	4304001	13	3	
5
68	2	6	174.8185,3.638123,377.6655	0	767	
58	2	1	1.5	0	3401501	
58	2	1	2	0	3401802	
5	1	0	4304001	
4	1	0	4304002	
3401602	心境之漠引导NPC	1	
事件处理
1
3	2	2	0	4304002	13	3	
5
68	2	6	204.7556,3.459857,378.4908	0	767	
58	2	1	1.5	0	3401502	
58	2	1	2	0	3401803	
5	1	0	4304002	
4	1	0	4304003	
3401603	心境之漠引导NPC	1	
事件处理
1
3	2	2	0	4304003	13	3	
3
68	2	6	244.196,1.592239,384.8882	0	767	
58	2	1	1.5	0	3401503	
5	1	0	4304003	
3401604	心境之漠引导NPC	1	
事件处理
1
3	2	2	0	4304004	13	3	
5
68	2	6	265.6745,1.298524,355.5738	0	767	
58	2	1	1.5	0	3401504	
58	2	1	2	0	3401805	
5	1	0	4304004	
4	1	0	4304005	
3401605	心境之漠引导NPC	1	
事件处理
1
3	2	2	0	4304005	13	3	
3
68	2	6	243.1611,0.6604614,332.5962	0	767	
58	2	1	1.5	0	3401505	
5	1	0	4304005	
3401606	心境之漠引导NPC	1	
事件处理
1
3	2	2	0	4304006	13	3	
5
68	2	6	249.2076,0.02008057,338.3777	0	767	
58	2	1	1.5	0	3401506	
58	2	1	2	0	3401807	
5	1	0	4304006	
4	1	0	4304007	
3401607	心境之漠引导NPC	1	
事件处理
1
3	2	2	0	4304007	13	3	
5
68	2	6	275.5429,1.053847,355.8035	0	767	
58	2	1	1.5	0	3401507	
58	2	1	2	0	3401808	
5	1	0	4304007	
4	1	0	4304008	
3401608	心境之漠引导NPC	1	
事件处理
1
3	2	2	0	4304008	13	3	
5
68	2	6	306.6638,0.6196899,361.9551	0	767	
58	2	1	1.5	0	3401508	
58	2	1	2	0	3401809	
5	1	0	4304008	
4	1	0	4304009	
3401609	心境之漠引导NPC	1	
事件处理
1
3	2	2	0	4304009	13	3	
5
68	2	6	339.2399,0.1726665,349.6918	0	767	
58	2	1	1.5	0	3401509	
58	2	1	2	0	3401810	
5	1	0	4304009	
4	1	0	4304010	
3401610	心境之漠引导NPC	1	
事件处理
1
3	2	2	0	4304010	13	3	
3
68	2	6	360.0328,2.439791,330.4957	0	767	
58	2	1	1.5	0	3401510	
5	1	0	4304009	
3401611	心境之漠引导NPC	1	
事件处理
1
3	2	2	0	4304011	13	3	
5
68	2	6	375.5242,3.992135,276.5546	0	767	
58	2	1	1.5	0	3401511	
58	2	1	2	0	3401812	
5	1	0	4304011	
4	1	0	4304012	
3401612	心境之漠引导NPC	1	
事件处理
1
3	2	2	0	4304012	13	3	
3
68	2	6	336.8515,3.542131,263.4944	0	767	
58	2	1	1.5	0	3401512	
5	1	0	4304012	
3401701	心境之漠引导NPC	1	
事件处理
0
1
20	1	0	801	
3401702	心境之漠引导NPC	1	
事件处理
0
1
20	1	0	802	
3401703	心境之漠引导NPC	1	
事件处理
0
1
20	1	0	803	
3401704	心境之漠引导NPC	1	
事件处理
0
1
20	1	0	804	
3401705	心境之漠引导NPC	1	
事件处理
0
1
20	1	0	805	
3401706	心境之漠引导NPC	1	
事件处理
0
1
20	1	0	806	
3401707	心境之漠引导NPC	1	
事件处理
0
1
20	1	0	807	
3401708	心境之漠引导NPC	1	
事件处理
0
1
20	1	0	808	
3401709	心境之漠引导NPC	1	
事件处理
0
1
20	1	0	809	
3401710	心境之漠引导NPC	1	
事件处理
0
1
20	1	0	810	
3401711	心境之漠引导NPC	1	
事件处理
0
1
20	1	0	811	
3401712	心境之漠引导NPC	1	
事件处理
0
1
20	1	0	812	
3401801	心境之漠引导NPC	1	
事件处理
0
3
68	2	6	174.8185,3.638123,377.6655	0	767	
58	2	1	1.5	0	3401701	
4	1	0	4304001	
3401802	心境之漠引导NPC	1	
事件处理
0
2
68	2	6	204.7556,3.459857,378.4908	0	767	
58	2	1	1.5	0	3401702	
3401803	心境之漠引导NPC	1	
事件处理
0
2
68	2	6	244.196,1.592239,384.8882	0	767	
58	2	1	1.5	0	3401703	
3401804	心境之漠引导NPC	1	
事件处理
0
3
68	2	6	265.6745,1.298524,355.5738	0	767	
58	2	1	1.5	0	3401704	
4	1	0	4304004	
3401805	心境之漠引导NPC	1	
事件处理
0
2
68	2	6	243.1611,0.6604614,332.5962	0	767	
58	2	1	1.5	0	3401705	
3401806	心境之漠引导NPC	1	
事件处理
0
3
68	2	6	249.2076,0.02008057,338.3777	0	767	
58	2	1	1.5	0	3401706	
4	1	0	4304006	
3401807	心境之漠引导NPC	1	
事件处理
0
2
68	2	6	275.5429,1.053847,355.8035	0	767	
58	2	1	1.5	0	3401707	
3401808	心境之漠引导NPC	1	
事件处理
0
2
68	2	6	306.6638,0.6196899,361.9551	0	767	
58	2	1	1.5	0	3401708	
3401809	心境之漠引导NPC	1	
事件处理
0
2
68	2	6	339.2399,0.1726665,349.6918	0	767	
58	2	1	1.5	0	3401709	
3401810	心境之漠引导NPC	1	
事件处理
0
2
68	2	6	360.0328,2.439791,330.4957	0	767	
58	2	1	1.5	0	3401710	
3401811	心境之漠引导NPC	1	
事件处理
0
3
68	2	6	375.5242,3.992135,276.5546	0	767	
58	2	1	1.5	0	3401711	
4	1	0	4304011	
3401812	心境之漠引导NPC	1	
事件处理
0
2
68	2	6	336.8515,3.542131,263.4944	0	767	
58	2	1	1.5	0	3401712	
3402001	坠魔谷进场判断	1	
事件处理
1
3	2	2	0	4104009	13	3	
1
23	1	0	1004013	
3402002	坠魔谷进场判断	1	
事件处理
1
3	2	2	0	4104010	13	3	
1
23	1	0	1004014	
3403001	坠魔谷进场判断	1	
事件处理
1
3	2	2	0	4104011	13	3	
1
23	1	0	1004015	
3404001	坠魔谷无尘死亡调用	1	
事件处理
0
2
51	2	0	2200037	0	1	
51	2	0	2200038	0	0	
3405001	红绫战斗摄像机调换	1	
事件处理
0
3
51	2	0	2700095	0	1	
51	2	0	2700142	0	1	
58	2	1	0.5	0	3405004	
3405002	红绫战斗摄像机调换	1	
事件处理
0
1
51	2	0	2700095	0	0	
3405003	坠魔谷终章	1	
事件处理
1
3	2	2	0	4104012	13	3	
1
23	1	0	1004016	
3405004	红绫战斗摄像机调换	1	
事件处理
0
1
51	2	0	2700179	0	0	
3406001	心魔绝地进场	1	
事件处理
1
3	2	2	0	4104013	13	3	
1
23	1	0	1004019	
3406002	心魔绝地进场	1	
事件处理
0
1
58	2	1	0.2	0	3406998	
3406003	心魔绝地进场	1	
事件处理
0
1
58	2	1	0.2	0	3406997	
3407001	看玄灵矿脉	1	
事件处理
1
3	2	2	0	4104014	13	3	
1
23	1	0	1004021	
3407002	看玄灵矿脉	1	
事件处理
1
3	2	2	0	4104015	13	3	
1
0	2	0	1040002	0	1	
3407003	看玄灵矿脉	1	
事件处理
0
1
31	1	0	10304	
3501001	越宫进入后	1	
事件处理
1
3	2	2	0	4105003	13	3	
1
23	1	0	1005003	
3501002	越宫进入后	1	
事件处理
1
3	2	2	0	4105004	13	3	
1
23	1	0	1005004	
3502001	越宫地道1	1	
事件处理
1
3	2	2	0	4105005	13	3	
1
23	1	0	1005005	
3503001	陈巧倩营救1	1	
事件处理
1
3	2	2	0	4105006	13	3	
1
23	1	0	1005006	
3503002	陈巧倩营救2	1	
事件处理
0
5
23	1	0	1005007	
51	2	0	3000076	0	0	
51	2	0	3000074	0	1	
51	2	0	3000061	0	1	
51	2	0	3000058	0	0	
3505001	决战越皇	1	
事件处理
1
3	2	2	0	4105007	13	3	
1
23	1	0	1005008	
3506001	破碎黄枫谷1入场	1	
事件处理
1
3	2	2	0	4105008	13	3	
1
23	1	0	1005010	
3506002	破碎黄枫谷2	1	
事件处理
1
3	2	2	0	4105009	13	3	
1
23	1	0	1005011	
3507001	破碎黄枫谷2入场	1	
事件处理
1
3	2	2	0	4105009	13	3	
1
23	1	0	1006001	
3601001	太岳南1	1	
事件处理
1
3	2	2	0	4106001	13	3	
1
23	1	0	1006003	
3601002	太岳南1	1	
事件处理
1
3	2	2	0	4106002	13	3	
1
23	1	0	1006004	
3601003	太岳南1	1	
事件处理
1
3	2	2	0	4106003	13	3	
1
23	1	0	1006005	
3602001	太岳西1	1	
事件处理
1
3	2	2	0	4106005	13	3	
1
23	1	0	1006007	
3602002	太岳西1	1	
事件处理
1
3	2	2	0	4106006	13	3	
1
23	1	0	1006008	
3602003	太岳西1	1	
事件处理
1
3	2	2	0	4106007	13	3	
1
23	1	0	1006009	
3602004	太岳西1	1	
事件处理
0
1
23	1	0	1006010	
3603001	玄灵矿脉	2	
事件处理
1
3	2	2	0	4106008	13	3	
1
23	1	0	1006011	
事件处理
1
3	2	2	0	4104014	13	3	
1
23	1	0	1004021	
3603002	玄灵矿脉	1	
事件处理
1
3	2	2	0	4106009	13	3	
1
23	1	0	1006998	
3604001	大决战	1	
事件处理
1
3	2	2	0	4106009	13	3	
1
23	1	0	1006012	
3604002	大决战摄像机	1	
事件处理
0
2
51	2	0	3600000	0	1	
51	2	0	3600001	0	0	
4101000	主线剧情前置1	1	
事件处理
1
5	2	
3	2	2	0	4301000	13	4	
3	2	2	0	4301000	13	3	
1
5	1	0	4301000	
4101001	主线剧情第一章第一节前置1	1	
事件处理
1
5	1	
3	2	2	0	4101104	13	3	
2
5	1	0	4101104	
4	1	0	4101002	
4101002	主线剧情第一章第二节	1	
事件处理
1
3	2	2	0	4101002	13	3	
2
5	1	0	4101002	
4	1	0	4101003	
4101003	主线剧情第一章第三节	1	
事件处理
1
5	2	
3	2	2	0	4101003	13	3	
3	2	2	0	4101003	13	4	
2
5	1	0	4101003	
4	1	0	4101004	
4101004	主线剧情第一章第四节	1	
事件处理
1
5	2	
3	2	2	0	4101004	13	3	
3	2	2	0	4101004	13	4	
2
5	1	0	4101004	
4	1	0	4101007	
4101005	主线剧情第一章第五节	1	
事件处理
1
5	2	
3	2	2	0	4101005	13	3	
3	2	2	0	4101005	13	4	
2
5	1	0	4101005	
4	1	0	4101006	
4101006	主线剧情第一章第六节	1	
事件处理
1
5	2	
3	2	2	0	4101006	13	3	
3	2	2	0	4101006	13	4	
2
5	1	0	4101006	
4	1	0	4101007	
4101007	主线剧情第一章第七节	1	
事件处理
1
5	2	
3	2	2	0	4101007	13	3	
3	2	2	0	4101007	13	4	
4
5	1	0	4101007	
4	1	0	4101008	
25	1	0	2004	
44	1	0	2000001	
4101008	主线剧情第一章第八节	1	
事件处理
1
3	2	2	0	4101112	13	3	
2
5	1	0	4101112	
4	1	0	4101009	
4101009	主线剧情第一章第八节	1	
事件处理
1
3	2	2	0	4101009	13	3	
2
5	1	0	4101009	
4	1	0	4101141	
4101010	主线剧情第一章第九节	1	
事件处理
1
3	2	2	0	4101010	13	3	
2
5	1	0	4101010	
4	1	0	4101011	
4101012	黄枫谷区域判断	1	
事件处理
1
3	2	2	0	4101012	13	3	
2
5	1	0	4101012	
4	1	0	4101013	
4101014	主线剧情第一章仙竹林进场	1	
事件处理
1
3	2	2	0	4101013	13	3	
2
5	1	0	4101013	
4	1	0	4101014	
4101015	主线剧情第一章仙竹林禁制前	1	
事件处理
1
3	2	2	0	4101014	13	3	
2
5	1	0	4101014	
4	1	0	4101015	
4101016	主线剧情第一章仙竹林禁制后	1	
事件处理
1
3	2	2	0	4101015	13	3	
2
5	1	0	4101015	
4	1	0	4101016	
4101017	主线剧情第一章仙竹林牛韬	1	
事件处理
1
3	2	2	0	4101016	13	3	
2
5	1	0	4101016	
4	1	0	4101017	
4101018	主线剧情第一章仙竹林牛韬	1	
事件处理
1
3	2	2	0	4101017	13	3	
2
5	1	0	4101017	
4	1	0	4101018	
4101019	主线剧情第一章仙竹林牛韬2	1	
事件处理
1
3	2	2	0	4101018	13	3	
2
5	1	0	4101018	
4	1	0	4101019	
4101020	主线剧情第一章仙竹林牛韬2	1	
事件处理
1
3	2	2	0	4101019	13	3	
2
5	1	0	4101019	
4	1	0	4101020	
4101021	主线剧情第一章仙竹林向之礼	1	
事件处理
1
3	2	2	0	4101020	13	3	
2
5	1	0	4101020	
4	1	0	4101021	
4101022	主线剧情第一章仙竹林梦华鸟激怒	1	
事件处理
1
3	2	2	0	4101021	13	3	
2
5	1	0	4101021	
4	1	0	4101022	
4101023	主线剧情第一章仙竹林梦华鸟击杀	1	
事件处理
1
3	2	2	0	4101022	13	3	
2
5	1	0	4101022	
4	1	0	4101023	
4101024	主线剧情第一章回药园休息	1	
事件处理
1
3	2	2	0	4101131	13	3	
2
5	1	0	4101131	
4	1	0	4101024	
4101025	主线剧情第一章筑基丹1	1	
事件处理
1
3	2	2	0	4101152	13	3	
2
5	1	0	4101152	
4	1	0	4101025	
4101026	主线剧情第一章筑基丹2	1	
事件处理
1
3	2	2	0	4101025	13	3	
2
5	1	0	4101025	
4	1	0	4101026	
4101027	主线剧情第一章筑基丹3	1	
事件处理
1
3	2	2	0	4101026	13	3	
2
5	1	0	4101026	
4	1	0	4101027	
4101028	主线剧情第一章坊市之行	1	
事件处理
1
3	2	2	0	4101027	13	3	
2
5	1	0	4101027	
4	1	0	4101028	
4101029	主线剧情第一章坊市之行	1	
事件处理
1
3	2	2	0	4101028	13	3	
2
5	1	0	4101028	
4	1	0	4101029	
4101030	主线剧情第一章坊市之行	1	
事件处理
1
3	2	2	0	4101029	13	3	
3
5	1	0	4101029	
4	1	0	4101030	
58	2	1	1	0	3106004	
4101101	主线剧情第一章第一节前置2	1	
事件处理
1
5	2	
3	2	2	0	4101001	13	4	
3	2	2	0	4101001	13	3	
3
5	1	0	4101001	
4	1	0	4101101	
44	1	0	1000013	
4101102	主线剧情第一章第一节前置3	1	
事件处理
1
5	2	
3	2	2	0	4101101	13	4	
3	2	2	0	4101101	13	3	
2
5	1	0	4101101	
4	1	0	4101102	
4101103	主线剧情第一章第一节	1	
事件处理
1
5	2	
3	2	2	0	4101104	13	4	
3	2	2	0	4101104	13	3	
2
5	1	0	4101104	
4	1	0	4101103	
4101104	主线剧情第一章第一节	1	
事件处理
1
5	2	
3	2	2	0	4101102	13	4	
3	2	2	0	4101102	13	3	
2
5	1	0	4101102	
4	1	0	4101104	
4101111	主线剧情第一章修习之阵	1	
事件处理
1
5	2	
3	2	2	0	4101008	13	4	
3	2	2	0	4101008	13	3	
2
5	1	0	4101008	
4	1	0	4101111	
4101112	主线剧情第一章修习之阵	1	
事件处理
1
3	2	2	0	4101111	13	3	
2
5	1	0	4101111	
4	1	0	4101112	
4101121	主线剧情第一章百药园看书1	1	
事件处理
1
5	2	
3	2	2	0	4101006	13	4	
3	2	2	0	4101006	13	3	
2
5	1	0	4101006	
4	1	0	4101121	
4101122	主线剧情第一章百药园看书1	1	
事件处理
1
5	2	
3	2	2	0	4101121	13	4	
3	2	2	0	4101121	13	3	
2
5	1	0	4101121	
4	1	0	4101007	
4101131	主线剧情第一章回药园休息	1	
事件处理
1
3	2	2	0	4101023	13	3	
2
5	1	0	4101023	
4	1	0	4101151	
4101141	主线剧情第一章？	1	
事件处理
1
3	2	2	0	4101141	13	3	
5
5	1	0	4101141	
4	1	0	4101142	
7	2	0	3020001	0	3	
7	2	0	3020002	0	3	
7	2	0	3020003	0	3	
4101142	主线剧情第一章？	1	
事件处理
1
3	2	2	0	4101142	13	3	
2
5	1	0	4101142	
4	1	0	4101143	
4101143	主线剧情第一章？	1	
事件处理
1
3	2	2	0	4101143	13	3	
2
5	1	0	4101143	
4	1	0	4101010	
4101151	主线剧情第一章？	1	
事件处理
1
3	2	2	0	4101024	13	3	
2
5	1	0	4101024	
4	1	0	4101151	
4101152	主线剧情第一章？	1	
事件处理
1
3	2	2	0	4101151	13	3	
2
5	1	0	4101151	
4	1	0	4101152	
4102001	主线剧情第二章血禁之誓	1	
事件处理
1
3	2	2	0	4101030	13	3	
2
5	1	0	4101030	
4	1	0	4102002	
4102002	主线剧情第二章血禁通道	1	
事件处理
1
3	2	2	0	4102002	13	3	
2
5	1	0	4102002	
4	1	0	4102003	
4102003	主线剧情第二章血禁通道	1	
事件处理
1
3	2	2	0	4102003	13	3	
2
5	1	0	4102003	
4	1	0	4102004	
4102004	主线剧情第二章血禁通道	1	
事件处理
1
3	2	2	0	4102004	13	3	
2
5	1	0	4102004	
4	1	0	4102005	
4102005	主线剧情第二章血禁通道	1	
事件处理
1
3	2	2	0	4102005	13	3	
2
5	1	0	4102005	
4	1	0	4102006	
4102006	主线剧情第二章血禁通道	1	
事件处理
1
3	2	2	0	4102006	13	3	
2
5	1	0	4102006	
4	1	0	4102007	
4102007	主线剧情第二章血禁通道	1	
事件处理
1
3	2	2	0	4102007	13	3	
2
5	1	0	4102007	
4	1	0	4102008	
4102008	主线剧情第二章血禁通道	2	
事件处理
1
3	2	2	0	4102008	13	3	
2
5	1	0	4102008	
4	1	0	4102009	
事件处理
0
1
23	1	0	1007999	
4102009	主线剧情第二章血禁通道	1	
事件处理
1
3	2	2	0	4102009	13	3	
2
5	1	0	4102009	
4	1	0	4102010	
4102010	主线剧情第二章血禁通道	1	
事件处理
1
3	2	2	0	4102010	13	3	
2
5	1	0	4102010	
4	1	0	4102011	
4102011	主线剧情第二章血禁通道	1	
事件处理
1
3	2	2	0	4102011	13	3	
2
5	1	0	4102011	
4	1	0	4102012	
4102012	主线剧情第二章血禁通道	1	
事件处理
1
3	2	2	0	4102012	13	3	
2
5	1	0	4102012	
4	1	0	4102013	
4102013	主线剧情第二章血禁通道	1	
事件处理
1
3	2	2	0	4102013	13	3	
2
5	1	0	4102013	
4	1	0	4102014	
4102014	主线剧情第二章血禁通道	1	
事件处理
1
3	2	2	0	4102014	13	3	
2
5	1	0	4102014	
4	1	0	4102015	
4102015	主线剧情第二章血禁通道	1	
事件处理
1
3	2	2	0	4102015	13	3	
2
5	1	0	4102015	
4	1	0	4102016	
4102016	主线剧情第二章血禁通道	1	
事件处理
1
3	2	2	0	4102016	13	3	
4
5	1	0	4102016	
4	1	0	4102017	
51	2	0	800145	0	0	
51	2	0	800146	0	1	
4102017	主线剧情第二章血禁通道	1	
事件处理
1
3	2	2	0	4102017	13	3	
2
5	1	0	4102017	
4	1	0	4102018	
4102018	主线剧情第二章血禁通道	1	
事件处理
1
3	2	2	0	4102018	13	3	
2
5	1	0	4102018	
4	1	0	4102019	
4102019	主线剧情第二章血禁通道	1	
事件处理
1
3	2	2	0	4102019	13	3	
2
5	1	0	4102019	
4	1	0	4102020	
4102020	主线剧情第二章血禁通道	1	
事件处理
1
3	2	2	0	4102020	13	3	
2
5	1	0	4102020	
4	1	0	4102021	
4102021	主线剧情第二章血禁通道	1	
事件处理
1
3	2	2	0	4102021	13	3	
3
5	1	0	4102021	
4	1	0	4102022	
70	1	0	786	
4102022	主线剧情第二章血禁通道	1	
事件处理
1
3	2	2	0	4102022	13	3	
2
5	1	0	4102022	
4	1	0	4102101	
4102023	主线剧情第二章血禁通道	1	
事件处理
1
3	2	2	0	4102023	13	3	
2
5	1	0	4102023	
4	1	0	4103001	
4102099	主线剧情第二章完成	1	
事件处理
0
1
4	1	0	4103001	
4102101	主线剧情第二章血禁通道	1	
事件处理
1
3	2	2	0	4102101	13	3	
2
5	1	0	4102101	
4	1	0	4102023	
4103001	主线剧情第三章黄枫谷	1	
事件处理
1
3	2	2	0	4103001	13	3	
2
5	1	0	4103001	
4	1	0	4103002	
4103002	主线剧情第三章黄枫谷	1	
事件处理
1
3	2	2	0	4103002	13	3	
5
5	1	0	4103002	
4	1	0	4103003	
74	2	0	5030067	0	1	
74	2	0	5030068	0	1	
74	2	0	5030069	0	1	
4103003	主线剧情第三章黄枫谷	1	
事件处理
1
3	2	2	0	4103003	13	3	
2
5	1	0	4103003	
4	1	0	4103004	
4103004	主线剧情第三章黄枫谷	1	
事件处理
1
3	2	2	0	4103004	13	3	
2
5	1	0	4103004	
4	1	0	4103005	
4103005	主线剧情第三章黄枫谷	1	
事件处理
1
3	2	2	0	4103005	13	3	
2
5	1	0	4103005	
4	1	0	4103006	
4103006	主线剧情第三章黄枫谷	1	
事件处理
1
3	2	2	0	4103006	13	3	
2
5	1	0	4103006	
4	1	0	4103007	
4103007	主线剧情第三章黄枫谷	1	
事件处理
1
3	2	2	0	4103007	13	3	
2
5	1	0	4103007	
4	1	0	4103008	
4103008	主线剧情第三章黄枫谷	1	
事件处理
1
3	2	2	0	4103008	13	3	
2
5	1	0	4103008	
4	1	0	4103009	
4103009	主线剧情第三章黄枫谷	1	
事件处理
1
3	2	2	0	4103009	13	3	
2
5	1	0	4103009	
4	1	0	4103010	
4103010	主线剧情第三章黄枫谷	1	
事件处理
1
3	2	2	0	4103010	13	3	
3
5	1	0	4103010	
4	1	0	4103011	
31	1	0	10305	
4103011	主线剧情第三章黄枫谷	1	
事件处理
1
3	2	2	0	4103011	13	3	
3
5	1	0	4103011	
4	1	0	4103012	
51	2	0	1700122	0	0	
4103012	主线剧情第三章黄枫谷	1	
事件处理
1
3	2	2	0	4103012	13	3	
2
5	1	0	4103012	
4	1	0	4103013	
4103013	主线剧情第三章黄枫谷	1	
事件处理
1
3	2	2	0	4103013	13	3	
2
5	1	0	4103013	
4	1	0	4104001	
4103014	主线剧情第三章黄枫谷	1	
事件处理
1
3	2	2	0	4103014	13	3	
2
5	1	0	4103014	
4	1	0	4103015	
4103015	主线剧情第三章黄枫谷	1	
事件处理
1
3	2	2	0	4103015	13	3	
2
5	1	0	4103015	
4	1	0	4103016	
4103016	主线剧情第三章黄枫谷	1	
事件处理
1
3	2	2	0	4103016	13	3	
2
5	1	0	4103016	
4	1	0	4103017	
4103099	主线剧情第三章黄枫谷	1	
事件处理
0
1
4	1	0	4104001	
4104001	主线剧情第四章心境之末	1	
事件处理
1
3	2	2	0	4104001	13	3	
2
5	1	0	4104001	
4	1	0	4104002	
4104002	主线剧情第四章心境之末	1	
事件处理
1
3	2	2	0	4104002	13	3	
2
5	1	0	4104002	
4	1	0	4104003	
4104003	主线剧情第四章心境之末	1	
事件处理
1
3	2	2	0	4104003	13	3	
4
5	1	0	4104003	
4	1	0	4104004	
51	2	0	2400000	0	1	
51	2	0	2400001	0	0	
4104004	主线剧情第四章心境之末	1	
事件处理
1
3	2	2	0	4104004	13	3	
2
5	1	0	4104004	
4	1	0	4104005	
4104005	主线剧情第四章心境之末	1	
事件处理
1
3	2	2	0	4104005	13	3	
4
5	1	0	4104005	
4	1	0	4104006	
51	2	0	2400000	0	0	
51	2	0	2400001	0	1	
4104006	主线剧情第四章心境之末	1	
事件处理
1
3	2	2	0	4104006	13	3	
2
5	1	0	4104006	
4	1	0	4104007	
4104007	主线剧情第四章心境之末	1	
事件处理
1
3	2	2	0	4104007	13	3	
4
5	1	0	4104007	
4	1	0	4104008	
51	2	0	2400000	0	1	
51	2	0	2400002	0	0	
4104008	主线剧情第四章心境之末	1	
事件处理
1
3	2	2	0	4104008	13	3	
2
5	1	0	4104008	
4	1	0	4104009	
4104009	主线剧情第四章心境之末	1	
事件处理
1
3	2	2	0	4104009	13	3	
2
5	1	0	4104009	
4	1	0	4104010	
4104010	主线剧情第四章心境之末	1	
事件处理
1
3	2	2	0	4104010	13	3	
2
5	1	0	4104010	
4	1	0	4104011	
4104011	主线剧情第四章心境之末	1	
事件处理
1
3	2	2	0	4104011	13	3	
2
5	1	0	4104011	
4	1	0	4104012	
4104012	主线剧情第四章心境之末	1	
事件处理
1
3	2	2	0	4104012	13	3	
2
5	1	0	4104012	
4	1	0	4104013	
4104013	主线剧情第四章心境之末	1	
事件处理
1
3	2	2	0	4104013	13	3	
3
5	1	0	4104013	
4	1	0	4104014	
58	2	1	0.2	0	3406999	
4104014	主线剧情第四章心境之末	1	
事件处理
1
3	2	2	0	4104014	13	3	
2
5	1	0	4104014	
4	1	0	4104015	
4104015	主线剧情第四章心境之末	1	
事件处理
1
3	2	2	0	4104015	13	3	
3
5	1	0	4104015	
4	1	0	4105001	
23	1	0	8005	
4105001	主线剧情第五章前往黄枫谷	1	
事件处理
1
3	2	2	0	4105001	13	3	
2
5	1	0	4105001	
4	1	0	4105002	
4105002	主线剧情第五章前往黄枫谷	1	
事件处理
1
3	2	2	0	4105002	13	3	
2
5	1	0	4105002	
4	1	0	4105003	
4105003	主线剧情第五章前往黄枫谷	1	
事件处理
1
3	2	2	0	4105003	13	3	
2
5	1	0	4105003	
4	1	0	4105004	
4105004	主线剧情第五章前往黄枫谷	1	
事件处理
1
3	2	2	0	4105004	13	3	
2
5	1	0	4105004	
4	1	0	4105005	
4105005	主线剧情第五章前往黄枫谷	1	
事件处理
1
3	2	2	0	4105005	13	3	
2
5	1	0	4105005	
4	1	0	4105006	
4105006	主线剧情第五章前往黄枫谷	1	
事件处理
1
3	2	2	0	4105006	13	3	
3
5	1	0	4105006	
4	1	0	4105007	
51	2	0	3000079	0	0	
4105007	主线剧情第五章前往黄枫谷	1	
事件处理
1
3	2	2	0	4105007	13	3	
2
5	1	0	4105007	
4	1	0	4105008	
4105008	主线剧情第五章前往黄枫谷	1	
事件处理
1
3	2	2	0	4105008	13	3	
2
5	1	0	4105008	
4	1	0	4105009	
4105009	主线剧情第五章前往黄枫谷	1	
事件处理
1
3	2	2	0	4105009	13	3	
2
5	1	0	4105009	
4	1	0	4106001	
4106001	主线剧情第六章	1	
事件处理
1
3	2	2	0	4106001	13	3	
2
5	1	0	4106001	
4	1	0	4106002	
4106002	主线剧情第六章	1	
事件处理
1
3	2	2	0	4106002	13	3	
3
5	1	0	4106002	
4	1	0	4106003	
20	1	0	981	
4106003	主线剧情第六章	1	
事件处理
1
3	2	2	0	4106003	13	3	
3
5	1	0	4106003	
4	1	0	4106004	
51	2	0	3300031	0	0	
4106004	主线剧情第六章	1	
事件处理
1
3	2	2	0	4106004	13	3	
2
5	1	0	4106004	
4	1	0	4106005	
4106005	主线剧情第六章	1	
事件处理
1
3	2	2	0	4106005	13	3	
2
5	1	0	4106005	
4	1	0	4106006	
4106006	主线剧情第六章	1	
事件处理
1
3	2	2	0	4106006	13	3	
2
5	1	0	4106006	
4	1	0	4106007	
4106007	主线剧情第六章	1	
事件处理
1
3	2	2	0	4106007	13	3	
3
5	1	0	4106007	
4	1	0	4106008	
58	2	1	90	0	3602004	
4106008	主线剧情第六章	1	
事件处理
1
3	2	2	0	4106008	13	3	
2
5	1	0	4106008	
4	1	0	4106009	
4106009	主线剧情第六章	1	
事件处理
1
3	2	2	0	4106009	13	3	
3
5	1	0	4106009	
4	1	0	4106010	
51	2	0	3600000	0	0	
4302001	炼符	1	
事件处理
1
3	2	2	0	4302001	13	3	
3
5	1	0	4302001	
7	2	0	3030001	0	1	
7	2	0	3030002	0	1	
5100111	一心阁神识系统第一次触发	1	
事件处理
0
1
47	2	0	0	0	111	
5100112	一心阁神识系统第一次触发	1	
事件处理
0
1
47	2	0	1	0	112	
5100113	一心阁神识系统第一次触发	1	
事件处理
0
1
47	2	0	1	0	113	
5100114	一心阁神识系统第一次触发	1	
事件处理
0
1
47	2	0	1	0	114	
5100115	一心阁神识系统第一次触发	1	
事件处理
0
1
47	2	0	1	0	115	
5100116	一心阁神识系统第一次触发	1	
事件处理
0
1
47	2	0	1	0	116	
5100117	一心阁神识系统第一次触发	1	
事件处理
0
1
47	2	0	1	0	117	
5100118	一心阁神识系统第一次触发	1	
事件处理
0
1
47	2	0	1	0	118	
5100119	一心阁神识系统第一次触发	1	
事件处理
0
1
47	2	0	0	0	119	
5100201	给予符箓	1	
事件处理
0
1
7	2	0	4010001	0	1	
5100202	给予炼丹材料	1	
事件处理
0
3
7	2	0	3020001	0	3	
7	2	0	3020002	0	3	
7	2	0	3020003	0	3	
5104001	禁地机关开启	1	
事件处理
0
1
58	2	1	1.5	0	5104002	
5104002	禁地机关开启	1	
事件处理
0
1
51	2	0	1400192	0	0	
5104003	禁地机关开启(风)	1	
事件处理
0
5
51	2	0	1400053	0	1	
51	2	0	1400085	0	0	
51	2	0	1400072	0	0	
51	2	0	1400049	0	0	
51	2	0	1400090	0	0	
5104004	禁地机关开启	1	
事件处理
0
1
58	2	1	4.6	0	5104005	
5104005	禁地机关开启	1	
事件处理
0
1
51	2	0	1400998	0	0	
5105001	修习之阵刷怪机关	1	
事件处理
0
1
51	2	0	1500999	0	0	
5105998	宣传刷怪机关	1	
事件处理
0
1
51	2	0	99998	0	0	
5105999	宣传刷怪机关	1	
事件处理
0
1
51	2	0	99999	0	0	
6001001	陈巧倩音乐	1	
事件处理
0
1
65	4	0	4234	1	1	1	0	1	2	
6001002	马韬音乐	1	
事件处理
0
1
65	4	0	4212	1	1	1	0	1	2	
6001003	韩立音乐	1	
事件处理
0
1
65	4	0	4236	1	1	1	0	1	2	
6001004	南宫婉音乐	1	
事件处理
0
1
65	4	0	4237	1	1	1	0	1	2	
6001005	分离音乐	1	
事件处理
0
1
65	4	0	4235	1	1	1	0	1	2	
6001006	特殊音乐	1	
事件处理
0
1
63	4	0	4238	1	1	1	0	1	2	
6001007	战斗音乐1	1	
事件处理
0
1
63	4	0	4225	1	1	1	0	1	2	
6001008	战斗音乐2	1	
事件处理
0
1
63	4	0	4226	1	1	1	0	1	2	
6001009	战斗音乐3	1	
事件处理
0
1
63	4	0	4227	1	1	1	0	1	2	
6001010	战斗音乐4	1	
事件处理
0
1
63	4	0	4228	1	1	1	0	1	2	
6001011	还原战斗音乐	1	
事件处理
0
1
64	0	
6001012	战斗音乐特殊1	1	
事件处理
0
1
63	4	0	4233	1	1	1	0	1	1	
6001013	战斗音乐特殊2	1	
事件处理
0
1
63	4	0	4223	1	1	1	0	1	2	
6001014	舞仙坪音乐恢复	1	
事件处理
0
1
63	4	0	4102	1	1	1	0	1	2	
6001015	禁地音乐恢复	1	
事件处理
0
1
63	4	0	4208	1	1	1	0	1	2	
3602005	太岳西 关闭王蝉摄像机	1	
事件处理
0
1
51	2	0	3400020	0	1	
6001016	药园音乐恢复	1	
事件处理
0
1
63	4	0	4212	1	1	1	0	1	2	
6001017	药园音乐恢复	1	
事件处理
0
1
65	4	0	4239	1	0	1	0	1	2	
5505001	越宫越皇变身	1	
事件处理
0
1
58	2	1	3	0	5505002	
5505002	越宫越皇变身	1	
事件处理
0
1
51	2	0	3200379	0	0	
5505003	越宫越皇死亡后	1	
事件处理
0
1
51	2	0	3200091	0	1	
2101106	NPC对话判断	2	
事件处理
1
8	1	
3	2	2	0	4101030	13	0	
1
1	2	0	210110601	0	1	
事件处理
1
3	2	2	0	4101030	13	0	
1
1	2	0	210110611	0	1	
2101402	NPC对话判断	3	
事件处理
1
8	1	
3	2	2	0	4101030	13	0	
1
1	2	0	210140201	0	1	
事件处理
1
4	2	
3	2	2	0	4101030	13	0	
8	1	
3	2	2	0	4103002	13	0	
1
1	2	0	210140211	0	1	
事件处理
1
3	2	2	0	4103002	13	0	
1
1	2	0	210140221	0	1	
2101127	NPC对话判断	3	
事件处理
1
8	1	
3	2	2	0	4101030	13	0	
1
1	2	0	210112701	0	1	
事件处理
1
4	2	
3	2	2	0	4101030	13	0	
8	1	
3	2	2	0	4103002	13	0	
1
1	2	0	210112711	0	1	
事件处理
1
3	2	2	0	4103002	13	0	
1
1	2	0	210112721	0	1	
2101415	NPC对话判断	2	
事件处理
1
8	1	
3	2	2	0	4101030	13	0	
1
1	2	0	210141501	0	1	
事件处理
1
3	2	2	0	4101030	13	0	
1
1	2	0	210141511	0	1	
2101138	NPC对话判断	2	
事件处理
1
8	1	
3	2	2	0	4103002	13	0	
1
1	2	0	210113801	0	1	
事件处理
1
3	2	2	0	4103002	13	0	
1
1	2	0	210113821	0	1	
2101119	NPC对话判断	2	
事件处理
1
8	1	
3	2	2	0	4103002	13	0	
1
1	2	0	210111901	0	1	
事件处理
1
3	2	2	0	4103002	13	0	
1
1	2	0	210111921	0	1	
2101139	NPC对话判断	2	
事件处理
1
8	1	
3	2	2	0	4103002	13	0	
1
1	2	0	210114001	0	1	
事件处理
1
3	2	2	0	4103002	13	0	
1
1	2	0	210114021	0	1	
2101140	NPC对话判断	2	
事件处理
1
8	1	
3	2	2	0	4103002	13	0	
1
1	2	0	210113901	0	1	
事件处理
1
3	2	2	0	4103002	13	0	
1
1	2	0	210113921	0	1	
2101108	NPC对话判断	2	
事件处理
1
8	1	
3	2	2	0	4103002	13	0	
1
1	2	0	210110801	0	1	
事件处理
1
3	2	2	0	4103002	13	0	
1
1	2	0	210110821	0	1	
2101105	NPC对话判断	2	
事件处理
1
8	1	
3	2	2	0	4103002	13	0	
1
1	2	0	210110501	0	1	
事件处理
1
3	2	2	0	4103002	13	0	
1
1	2	0	210110521	0	1	
2107126	NPC对话判断	2	
事件处理
1
8	1	
3	2	2	0	4103002	13	0	
1
1	2	0	210712601	0	1	
事件处理
1
3	2	2	0	4103002	13	0	
1
1	2	0	210712621	0	1	
2107141	NPC对话判断	2	
事件处理
1
8	1	
3	2	2	0	4103002	13	0	
1
1	2	0	210714001	0	1	
事件处理
1
3	2	2	0	4103002	13	0	
1
1	2	0	210714121	0	1	
2108122	NPC对话判断	2	
事件处理
1
8	1	
3	2	2	0	4103002	13	0	
1
1	2	0	210812201	0	1	
事件处理
1
3	2	2	0	4103002	13	0	
1
1	2	0	210812221	0	1	
2101188	NPC对话判断	2	
事件处理
1
8	1	
3	2	2	0	4103002	13	0	
1
1	2	0	210118801	0	1	
事件处理
1
3	2	2	0	4103002	13	0	
1
1	2	0	210118821	0	1	
2108101	NPC对话判断	2	
事件处理
1
8	1	
3	2	2	0	4103002	13	0	
1
1	2	0	210810201	0	1	
事件处理
1
3	2	2	0	4103002	13	0	
1
1	2	0	210810121	0	1	
5103001	药园马韬对话	1	
事件处理
0
1
58	2	1	0.5	0	5103002	
5103002	药园马韬对话	1	
事件处理
0
1
23	1	0	1001911	
3102008	百药园区域判断	1	
事件处理
1
3	2	2	0	4102002	13	3	
1
77	1	0	4	
3201999	飞剑调用	1	
事件处理
0
1
58	2	1	0.2	0	3201998	
3201998	飞剑调用	1	
事件处理
0
1
23	1	0	1002001	
3406997	心魔绝地摄像机	1	
事件处理
0
2
51	2	0	2300001	0	1	
51	2	0	2300002	0	0	
3406998	心魔绝地摄像机	1	
事件处理
0
2
51	2	0	2300000	0	1	
51	2	0	2300001	0	0	
3406999	心魔绝地摄像机	1	
事件处理
0
1
51	2	0	2300000	0	0	
