#本信息由ImageAtlas自动生成
#纹理ID	#纹理名称	#纹理偏移	#纹理uv	#纹理大小	#Atlas序列	#纹理路径	
1146101	赤练仙履	(0,0)	(0.03125,0.08333334)	(64,64,0.01)	0	ItemAtlas/icon/Item_icon_0	
1145101	神禹靴	(0.03125,0)	(0.03125,0.08333334)	(64,64,0.01)	0	ItemAtlas/icon/Item_icon_0	
1151001	广寒月桂	(0.0625,0)	(0.03125,0.08333334)	(64,64,0.01)	0	ItemAtlas/icon/Item_icon_0	
1153001	九天云鹏	(0.09375,0)	(0.03125,0.08333334)	(64,64,0.01)	0	ItemAtlas/icon/Item_icon_0	
1152001	玄睛白虎	(0.125,0)	(0.03125,0.08333334)	(64,64,0.01)	0	ItemAtlas/icon/Item_icon_0	
1144101	狱魔靴	(0.15625,0)	(0.03125,0.08333334)	(64,64,0.01)	0	ItemAtlas/icon/Item_icon_0	
1146001	昆仑尊履	(0.1875,0)	(0.03125,0.08333334)	(64,64,0.01)	0	ItemAtlas/icon/Item_icon_0	
1145001	辰霜靴	(0.21875,0)	(0.03125,0.08333334)	(64,64,0.01)	0	ItemAtlas/icon/Item_icon_0	
1141101	裂帛靴	(0.25,0)	(0.03125,0.08333334)	(64,64,0.01)	0	ItemAtlas/icon/Item_icon_0	
1143101	大罗长靴	(0.28125,0)	(0.03125,0.08333334)	(64,64,0.01)	0	ItemAtlas/icon/Item_icon_0	
1142101	辟火靴	(0.3125,0)	(0.03125,0.08333334)	(64,64,0.01)	0	ItemAtlas/icon/Item_icon_0	
1155101	帝江火舞	(0.34375,0)	(0.03125,0.08333334)	(64,64,0.01)	0	ItemAtlas/icon/Item_icon_0	
1154101	天池白露	(0.375,0)	(0.03125,0.08333334)	(64,64,0.01)	0	ItemAtlas/icon/Item_icon_0	
1156101	青山浮玉	(0.40625,0)	(0.03125,0.08333334)	(64,64,0.01)	0	ItemAtlas/icon/Item_icon_0	
2010002	抽髓丸	(0.4375,0)	(0.03125,0.08333334)	(64,64,0.01)	0	ItemAtlas/icon/Item_icon_0	
2010001	凝气丹	(0.46875,0)	(0.03125,0.08333334)	(64,64,0.01)	0	ItemAtlas/icon/Item_icon_0	
1153101	东方句芒	(0.5,0)	(0.03125,0.08333334)	(64,64,0.01)	0	ItemAtlas/icon/Item_icon_0	
1155001	紫微斗星	(0.53125,0)	(0.03125,0.08333334)	(64,64,0.01)	0	ItemAtlas/icon/Item_icon_0	
1154001	沉渊游龙	(0.5625,0)	(0.03125,0.08333334)	(64,64,0.01)	0	ItemAtlas/icon/Item_icon_0	
1156001	梵天舍利	(0.59375,0)	(0.03125,0.08333334)	(64,64,0.01)	0	ItemAtlas/icon/Item_icon_0	
1152101	疆良衔蛇	(0.625,0)	(0.03125,0.08333334)	(64,64,0.01)	0	ItemAtlas/icon/Item_icon_0	
1151101	空桑瑶璧	(0.65625,0)	(0.03125,0.08333334)	(64,64,0.01)	0	ItemAtlas/icon/Item_icon_0	
1132001	道藏腕轮	(0.6875,0)	(0.03125,0.08333334)	(64,64,0.01)	0	ItemAtlas/icon/Item_icon_0	
1131001	荆布护手	(0.71875,0)	(0.03125,0.08333334)	(64,64,0.01)	0	ItemAtlas/icon/Item_icon_0	
1133001	玄武笼手	(0.75,0)	(0.03125,0.08333334)	(64,64,0.01)	0	ItemAtlas/icon/Item_icon_0	
1135001	辰霜护臂	(0.78125,0)	(0.03125,0.08333334)	(64,64,0.01)	0	ItemAtlas/icon/Item_icon_0	
1134001	血焰手甲	(0.8125,0)	(0.03125,0.08333334)	(64,64,0.01)	0	ItemAtlas/icon/Item_icon_0	
1126101	赤练软甲	(0.84375,0)	(0.03125,0.08333334)	(64,64,0.01)	0	ItemAtlas/icon/Item_icon_0	
1122101	辟火宝衣	(0.875,0)	(0.03125,0.08333334)	(64,64,0.01)	0	ItemAtlas/icon/Item_icon_0	
1121101	裂帛短褐	(0.90625,0)	(0.03125,0.08333334)	(64,64,0.01)	0	ItemAtlas/icon/Item_icon_0	
1123101	大罗明光	(0.9375,0)	(0.03125,0.08333334)	(64,64,0.01)	0	ItemAtlas/icon/Item_icon_0	
1125101	神禹袍	(0.96875,0)	(0.03125,0.08333334)	(64,64,0.01)	0	ItemAtlas/icon/Item_icon_0	
1124101	狱魔深衣	(0,0.08333334)	(0.03125,0.08333334)	(64,64,0.01)	0	ItemAtlas/icon/Item_icon_0	
1141001	荆布靴	(0.03125,0.08333334)	(0.03125,0.08333334)	(64,64,0.01)	0	ItemAtlas/icon/Item_icon_0	
1136101	赤练臂甲	(0.0625,0.08333334)	(0.03125,0.08333334)	(64,64,0.01)	0	ItemAtlas/icon/Item_icon_0	
1142001	道藏靴	(0.09375,0.08333334)	(0.03125,0.08333334)	(64,64,0.01)	0	ItemAtlas/icon/Item_icon_0	
1144001	血焰靴	(0.125,0.08333334)	(0.03125,0.08333334)	(64,64,0.01)	0	ItemAtlas/icon/Item_icon_0	
1143001	玄武长靴	(0.15625,0.08333334)	(0.03125,0.08333334)	(64,64,0.01)	0	ItemAtlas/icon/Item_icon_0	
1135101	神禹护臂	(0.1875,0.08333334)	(0.03125,0.08333334)	(64,64,0.01)	0	ItemAtlas/icon/Item_icon_0	
1131101	裂帛护手	(0.21875,0.08333334)	(0.03125,0.08333334)	(64,64,0.01)	0	ItemAtlas/icon/Item_icon_0	
1136001	昆仑臂甲	(0.25,0.08333334)	(0.03125,0.08333334)	(64,64,0.01)	0	ItemAtlas/icon/Item_icon_0	
1132101	辟火腕轮	(0.28125,0.08333334)	(0.03125,0.08333334)	(64,64,0.01)	0	ItemAtlas/icon/Item_icon_0	
1134101	狱魔手甲	(0.3125,0.08333334)	(0.03125,0.08333334)	(64,64,0.01)	0	ItemAtlas/icon/Item_icon_0	
1133101	大罗笼手	(0.34375,0.08333334)	(0.03125,0.08333334)	(64,64,0.01)	0	ItemAtlas/icon/Item_icon_0	
2010003	强体散	(0.375,0.08333334)	(0.03125,0.08333334)	(64,64,0.01)	0	ItemAtlas/icon/Item_icon_0	
3010021	云魄玄石	(0.40625,0.08333334)	(0.03125,0.08333334)	(64,64,0.01)	0	ItemAtlas/icon/Item_icon_0	
3010020	苦荷雨石	(0.4375,0.08333334)	(0.03125,0.08333334)	(64,64,0.01)	0	ItemAtlas/icon/Item_icon_0	
3010022	雪溪娟	(0.46875,0.08333334)	(0.03125,0.08333334)	(64,64,0.01)	0	ItemAtlas/icon/Item_icon_0	
3010024	金藤丝	(0.5,0.08333334)	(0.03125,0.08333334)	(64,64,0.01)	0	ItemAtlas/icon/Item_icon_0	
3010023	丝绒玉	(0.53125,0.08333334)	(0.03125,0.08333334)	(64,64,0.01)	0	ItemAtlas/icon/Item_icon_0	
3010019	蹋风羽	(0.5625,0.08333334)	(0.03125,0.08333334)	(64,64,0.01)	0	ItemAtlas/icon/Item_icon_0	
3010015	柳舞娟	(0.59375,0.08333334)	(0.03125,0.08333334)	(64,64,0.01)	0	ItemAtlas/icon/Item_icon_0	
3010014	赤鸦骨	(0.625,0.08333334)	(0.03125,0.08333334)	(64,64,0.01)	0	ItemAtlas/icon/Item_icon_0	
3010016	和元玉	(0.65625,0.08333334)	(0.03125,0.08333334)	(64,64,0.01)	0	ItemAtlas/icon/Item_icon_0	
3010018	绿雪芳墨	(0.6875,0.08333334)	(0.03125,0.08333334)	(64,64,0.01)	0	ItemAtlas/icon/Item_icon_0	
3010017	三花丝	(0.71875,0.08333334)	(0.03125,0.08333334)	(64,64,0.01)	0	ItemAtlas/icon/Item_icon_0	
3010032	荼靡花灰	(0.75,0.08333334)	(0.03125,0.08333334)	(64,64,0.01)	0	ItemAtlas/icon/Item_icon_0	
3010031	子夜花蕊丝	(0.78125,0.08333334)	(0.03125,0.08333334)	(64,64,0.01)	0	ItemAtlas/icon/Item_icon_0	
3010033	黑芍花绒	(0.8125,0.08333334)	(0.03125,0.08333334)	(64,64,0.01)	0	ItemAtlas/icon/Item_icon_0	
3010035	剑簪石	(0.84375,0.08333334)	(0.03125,0.08333334)	(64,64,0.01)	0	ItemAtlas/icon/Item_icon_0	
3010034	霓虹沁雪珠	(0.875,0.08333334)	(0.03125,0.08333334)	(64,64,0.01)	0	ItemAtlas/icon/Item_icon_0	
3010030	芳菲灵玉	(0.90625,0.08333334)	(0.03125,0.08333334)	(64,64,0.01)	0	ItemAtlas/icon/Item_icon_0	
3010026	裂风羽	(0.9375,0.08333334)	(0.03125,0.08333334)	(64,64,0.01)	0	ItemAtlas/icon/Item_icon_0	
3010025	夜枫赤墨	(0.96875,0.08333334)	(0.03125,0.08333334)	(64,64,0.01)	0	ItemAtlas/icon/Item_icon_0	
3010027	帝王硫石	(0,0.1666667)	(0.03125,0.08333334)	(64,64,0.01)	0	ItemAtlas/icon/Item_icon_0	
3010029	盈袖暗香纱	(0.03125,0.1666667)	(0.03125,0.08333334)	(64,64,0.01)	0	ItemAtlas/icon/Item_icon_0	
3010028	天罡玄石	(0.0625,0.1666667)	(0.03125,0.08333334)	(64,64,0.01)	0	ItemAtlas/icon/Item_icon_0	
2010011	爆念散	(0.09375,0.1666667)	(0.03125,0.08333334)	(64,64,0.01)	0	ItemAtlas/icon/Item_icon_0	
2010010	幻形丹	(0.125,0.1666667)	(0.03125,0.08333334)	(64,64,0.01)	0	ItemAtlas/icon/Item_icon_0	
2010012	金刚玉	(0.15625,0.1666667)	(0.03125,0.08333334)	(64,64,0.01)	0	ItemAtlas/icon/Item_icon_0	
3010002	紫雷竹	(0.1875,0.1666667)	(0.03125,0.08333334)	(64,64,0.01)	0	ItemAtlas/icon/Item_icon_0	
3010001	梦华尾羽	(0.21875,0.1666667)	(0.03125,0.08333334)	(64,64,0.01)	0	ItemAtlas/icon/Item_icon_0	
2010009	养金丹	(0.25,0.1666667)	(0.03125,0.08333334)	(64,64,0.01)	0	ItemAtlas/icon/Item_icon_0	
2010005	炼精丹	(0.28125,0.1666667)	(0.03125,0.08333334)	(64,64,0.01)	0	ItemAtlas/icon/Item_icon_0	
2010004	培元丹	(0.3125,0.1666667)	(0.03125,0.08333334)	(64,64,0.01)	0	ItemAtlas/icon/Item_icon_0	
2010006	固血散	(0.34375,0.1666667)	(0.03125,0.08333334)	(64,64,0.01)	0	ItemAtlas/icon/Item_icon_0	
2010008	焚命丸	(0.375,0.1666667)	(0.03125,0.08333334)	(64,64,0.01)	0	ItemAtlas/icon/Item_icon_0	
2010007	合一丹	(0.40625,0.1666667)	(0.03125,0.08333334)	(64,64,0.01)	0	ItemAtlas/icon/Item_icon_0	
3010010	娥女丝	(0.4375,0.1666667)	(0.03125,0.08333334)	(64,64,0.01)	0	ItemAtlas/icon/Item_icon_0	
3010009	蓝玉木	(0.46875,0.1666667)	(0.03125,0.08333334)	(64,64,0.01)	0	ItemAtlas/icon/Item_icon_0	
3010011	西风残砂	(0.5,0.1666667)	(0.03125,0.08333334)	(64,64,0.01)	0	ItemAtlas/icon/Item_icon_0	
3010013	鬼瞳邪眼	(0.53125,0.1666667)	(0.03125,0.08333334)	(64,64,0.01)	0	ItemAtlas/icon/Item_icon_0	
3010012	仙蝶蜕	(0.5625,0.1666667)	(0.03125,0.08333334)	(64,64,0.01)	0	ItemAtlas/icon/Item_icon_0	
3010008	墨玉貂裘	(0.59375,0.1666667)	(0.03125,0.08333334)	(64,64,0.01)	0	ItemAtlas/icon/Item_icon_0	
3010004	绯云布	(0.625,0.1666667)	(0.03125,0.08333334)	(64,64,0.01)	0	ItemAtlas/icon/Item_icon_0	
3010003	血蚕丝	(0.65625,0.1666667)	(0.03125,0.08333334)	(64,64,0.01)	0	ItemAtlas/icon/Item_icon_0	
3010005	风兽皮	(0.6875,0.1666667)	(0.03125,0.08333334)	(64,64,0.01)	0	ItemAtlas/icon/Item_icon_0	
3010007	浣星琉璃穗	(0.71875,0.1666667)	(0.03125,0.08333334)	(64,64,0.01)	0	ItemAtlas/icon/Item_icon_0	
3010006	枫露冰晶	(0.75,0.1666667)	(0.03125,0.08333334)	(64,64,0.01)	0	ItemAtlas/icon/Item_icon_0	
1126001	昆仑软甲	(0.78125,0.1666667)	(0.03125,0.08333334)	(64,64,0.01)	0	ItemAtlas/icon/Item_icon_0	
1025001	往生缚	(0.8125,0.1666667)	(0.03125,0.08333334)	(64,64,0.01)	0	ItemAtlas/icon/Item_icon_0	
1024001	纯阳缚	(0.84375,0.1666667)	(0.03125,0.08333334)	(64,64,0.01)	0	ItemAtlas/icon/Item_icon_0	
1026001	火云缚	(0.875,0.1666667)	(0.03125,0.08333334)	(64,64,0.01)	0	ItemAtlas/icon/Item_icon_0	
1022101	挽月花篮	(0.90625,0.1666667)	(0.03125,0.08333334)	(64,64,0.01)	0	ItemAtlas/icon/Item_icon_0	
1021101	宝月花篮	(0.9375,0.1666667)	(0.03125,0.08333334)	(64,64,0.01)	0	ItemAtlas/icon/Item_icon_0	
1023001	蔽日珠	(0.96875,0.1666667)	(0.03125,0.08333334)	(64,64,0.01)	0	ItemAtlas/icon/Item_icon_0	
1015210	碧光刀	(0,0.25)	(0.03125,0.08333334)	(64,64,0.01)	0	ItemAtlas/icon/Item_icon_0	
1015209	紫铖斧	(0.03125,0.25)	(0.03125,0.08333334)	(64,64,0.01)	0	ItemAtlas/icon/Item_icon_0	
1015211	贯日神阙	(0.0625,0.25)	(0.03125,0.08333334)	(64,64,0.01)	0	ItemAtlas/icon/Item_icon_0	
1022001	婆罗珠	(0.09375,0.25)	(0.03125,0.08333334)	(64,64,0.01)	0	ItemAtlas/icon/Item_icon_0	
1021001	紫幽珠	(0.125,0.25)	(0.03125,0.08333334)	(64,64,0.01)	0	ItemAtlas/icon/Item_icon_0	
1024201	碧妖鼎	(0.15625,0.25)	(0.03125,0.08333334)	(64,64,0.01)	0	ItemAtlas/icon/Item_icon_0	
1023201	狱魔	(0.1875,0.25)	(0.03125,0.08333334)	(64,64,0.01)	0	ItemAtlas/icon/Item_icon_0	
1026201	乾蓝鼎	(0.21875,0.25)	(0.03125,0.08333334)	(64,64,0.01)	0	ItemAtlas/icon/Item_icon_0	
1026203	绿煌剑	(0.25,0.25)	(0.03125,0.08333334)	(64,64,0.01)	0	ItemAtlas/icon/Item_icon_0	
1026202	化龙玺	(0.28125,0.25)	(0.03125,0.08333334)	(64,64,0.01)	0	ItemAtlas/icon/Item_icon_0	
1022201	邪尊	(0.3125,0.25)	(0.03125,0.08333334)	(64,64,0.01)	0	ItemAtlas/icon/Item_icon_0	
1024101	凌坤宝塔	(0.34375,0.25)	(0.03125,0.08333334)	(64,64,0.01)	0	ItemAtlas/icon/Item_icon_0	
1023101	锦簇花篮	(0.375,0.25)	(0.03125,0.08333334)	(64,64,0.01)	0	ItemAtlas/icon/Item_icon_0	
1025101	无量天宫	(0.40625,0.25)	(0.03125,0.08333334)	(64,64,0.01)	0	ItemAtlas/icon/Item_icon_0	
1021201	鬼颅	(0.4375,0.25)	(0.03125,0.08333334)	(64,64,0.01)	0	ItemAtlas/icon/Item_icon_0	
1026101	珈蓝宝铎	(0.46875,0.25)	(0.03125,0.08333334)	(64,64,0.01)	0	ItemAtlas/icon/Item_icon_0	
1011101	万妖杖	(0.5,0.25)	(0.03125,0.08333334)	(64,64,0.01)	0	ItemAtlas/icon/Item_icon_0	
1016001	鬼牙杖	(0.53125,0.25)	(0.03125,0.08333334)	(64,64,0.01)	0	ItemAtlas/icon/Item_icon_0	
1012101	钉魂杖	(0.5625,0.25)	(0.03125,0.08333334)	(64,64,0.01)	0	ItemAtlas/icon/Item_icon_0	
1014101	子午锤	(0.59375,0.25)	(0.03125,0.08333334)	(64,64,0.01)	0	ItemAtlas/icon/Item_icon_0	
1013101	五行锤	(0.625,0.25)	(0.03125,0.08333334)	(64,64,0.01)	0	ItemAtlas/icon/Item_icon_0	
1015001	天荒燎原	(0.65625,0.25)	(0.03125,0.08333334)	(64,64,0.01)	0	ItemAtlas/icon/Item_icon_0	
1011001	宝相杵	(0.6875,0.25)	(0.03125,0.08333334)	(64,64,0.01)	0	ItemAtlas/icon/Item_icon_0	
1011000	金刚杵	(0.71875,0.25)	(0.03125,0.08333334)	(64,64,0.01)	0	ItemAtlas/icon/Item_icon_0	
1012001	天罡圣戟	(0.75,0.25)	(0.03125,0.08333334)	(64,64,0.01)	0	ItemAtlas/icon/Item_icon_0	
1014001	淬岩斧	(0.78125,0.25)	(0.03125,0.08333334)	(64,64,0.01)	0	ItemAtlas/icon/Item_icon_0	
1013001	开山斧	(0.8125,0.25)	(0.03125,0.08333334)	(64,64,0.01)	0	ItemAtlas/icon/Item_icon_0	
1015205	朔月杖	(0.84375,0.25)	(0.03125,0.08333334)	(64,64,0.01)	0	ItemAtlas/icon/Item_icon_0	
1015204	崆峒杖	(0.875,0.25)	(0.03125,0.08333334)	(64,64,0.01)	0	ItemAtlas/icon/Item_icon_0	
1015206	龙吟宝杖	(0.90625,0.25)	(0.03125,0.08333334)	(64,64,0.01)	0	ItemAtlas/icon/Item_icon_0	
1015208	竹煌斧	(0.9375,0.25)	(0.03125,0.08333334)	(64,64,0.01)	0	ItemAtlas/icon/Item_icon_0	
1015207	青炎斧	(0.96875,0.25)	(0.03125,0.08333334)	(64,64,0.01)	0	ItemAtlas/icon/Item_icon_0	
1015201	血雾镰	(0,0.3333333)	(0.03125,0.08333334)	(64,64,0.01)	0	ItemAtlas/icon/Item_icon_0	
1016101	铁藜长斧	(0.03125,0.3333333)	(0.03125,0.08333334)	(64,64,0.01)	0	ItemAtlas/icon/Item_icon_0	
1015101	乾坤锤	(0.0625,0.3333333)	(0.03125,0.08333334)	(64,64,0.01)	0	ItemAtlas/icon/Item_icon_0	
1011201	九棘巨斧	(0.09375,0.3333333)	(0.03125,0.08333334)	(64,64,0.01)	0	ItemAtlas/icon/Item_icon_0	
1014201	龙牙镰	(0.125,0.3333333)	(0.03125,0.08333334)	(64,64,0.01)	0	ItemAtlas/icon/Item_icon_0	
1012201	魔金神斧	(0.15625,0.3333333)	(0.03125,0.08333334)	(64,64,0.01)	0	ItemAtlas/icon/Item_icon_0	
1026204	金雷剑	(0.1875,0.3333333)	(0.03125,0.08333334)	(64,64,0.01)	0	ItemAtlas/icon/Item_icon_0	
1113001	玄武肩甲	(0.21875,0.3333333)	(0.03125,0.08333334)	(64,64,0.01)	0	ItemAtlas/icon/Item_icon_0	
1112001	道藏护肩	(0.25,0.3333333)	(0.03125,0.08333334)	(64,64,0.01)	0	ItemAtlas/icon/Item_icon_0	
1114001	血焰肩甲	(0.28125,0.3333333)	(0.03125,0.08333334)	(64,64,0.01)	0	ItemAtlas/icon/Item_icon_0	
1116001	昆仑肩甲	(0.3125,0.3333333)	(0.03125,0.08333334)	(64,64,0.01)	0	ItemAtlas/icon/Item_icon_0	
1115001	辰霜护肩	(0.34375,0.3333333)	(0.03125,0.08333334)	(64,64,0.01)	0	ItemAtlas/icon/Item_icon_0	
1111001	荆布护肩	(0.375,0.3333333)	(0.03125,0.08333334)	(64,64,0.01)	0	ItemAtlas/icon/Item_icon_0	
1035211	千叶刃	(0.40625,0.3333333)	(0.03125,0.08333334)	(64,64,0.01)	0	ItemAtlas/icon/Item_icon_0	
1035210	紫芒	(0.4375,0.3333333)	(0.03125,0.08333334)	(64,64,0.01)	0	ItemAtlas/icon/Item_icon_0	
1035212	百蜈钩	(0.46875,0.3333333)	(0.03125,0.08333334)	(64,64,0.01)	0	ItemAtlas/icon/Item_icon_0	
1035214	凰纹短刀	(0.5,0.3333333)	(0.03125,0.08333334)	(64,64,0.01)	0	ItemAtlas/icon/Item_icon_0	
1035213	鬼首钢刀	(0.53125,0.3333333)	(0.03125,0.08333334)	(64,64,0.01)	0	ItemAtlas/icon/Item_icon_0	
1122001	道藏宝衣	(0.5625,0.3333333)	(0.03125,0.08333334)	(64,64,0.01)	0	ItemAtlas/icon/Item_icon_0	
1121001	荆布短褐	(0.59375,0.3333333)	(0.03125,0.08333334)	(64,64,0.01)	0	ItemAtlas/icon/Item_icon_0	
1123001	玄武锁甲	(0.625,0.3333333)	(0.03125,0.08333334)	(64,64,0.01)	0	ItemAtlas/icon/Item_icon_0	
1125001	辰霜袍	(0.65625,0.3333333)	(0.03125,0.08333334)	(64,64,0.01)	0	ItemAtlas/icon/Item_icon_0	
1124001	血焰深衣	(0.6875,0.3333333)	(0.03125,0.08333334)	(64,64,0.01)	0	ItemAtlas/icon/Item_icon_0	
1116101	赤练肩甲	(0.71875,0.3333333)	(0.03125,0.08333334)	(64,64,0.01)	0	ItemAtlas/icon/Item_icon_0	
1112101	辟火护肩	(0.75,0.3333333)	(0.03125,0.08333334)	(64,64,0.01)	0	ItemAtlas/icon/Item_icon_0	
1111101	裂帛护肩	(0.78125,0.3333333)	(0.03125,0.08333334)	(64,64,0.01)	0	ItemAtlas/icon/Item_icon_0	
1113101	大罗肩甲	(0.8125,0.3333333)	(0.03125,0.08333334)	(64,64,0.01)	0	ItemAtlas/icon/Item_icon_0	
1115101	神禹护肩	(0.84375,0.3333333)	(0.03125,0.08333334)	(64,64,0.01)	0	ItemAtlas/icon/Item_icon_0	
1114101	狱魔肩甲	(0.875,0.3333333)	(0.03125,0.08333334)	(64,64,0.01)	0	ItemAtlas/icon/Item_icon_0	
1031101	蚀心爪	(0.90625,0.3333333)	(0.03125,0.08333334)	(64,64,0.01)	0	ItemAtlas/icon/Item_icon_0	
1036001	白幽斧	(0.9375,0.3333333)	(0.03125,0.08333334)	(64,64,0.01)	0	ItemAtlas/icon/Item_icon_0	
1032101	神无爪	(0.96875,0.3333333)	(0.03125,0.08333334)	(64,64,0.01)	0	ItemAtlas/icon/Item_icon_0	
1034101	黄商斧	(0,0.4166667)	(0.03125,0.08333334)	(64,64,0.01)	0	ItemAtlas/icon/Item_icon_0	
1033101	乌龙夺	(0.03125,0.4166667)	(0.03125,0.08333334)	(64,64,0.01)	0	ItemAtlas/icon/Item_icon_0	
1035001	汲风双刃	(0.0625,0.4166667)	(0.03125,0.08333334)	(64,64,0.01)	0	ItemAtlas/icon/Item_icon_0	
1031001	青魂剑	(0.09375,0.4166667)	(0.03125,0.08333334)	(64,64,0.01)	0	ItemAtlas/icon/Item_icon_0	
1031000	两仪剑	(0.125,0.4166667)	(0.03125,0.08333334)	(64,64,0.01)	0	ItemAtlas/icon/Item_icon_0	
1032001	诛邪刺	(0.15625,0.4166667)	(0.03125,0.08333334)	(64,64,0.01)	0	ItemAtlas/icon/Item_icon_0	
1034001	金乌双刀	(0.1875,0.4166667)	(0.03125,0.08333334)	(64,64,0.01)	0	ItemAtlas/icon/Item_icon_0	
1033001	金魁剑	(0.21875,0.4166667)	(0.03125,0.08333334)	(64,64,0.01)	0	ItemAtlas/icon/Item_icon_0	
1035203	妖瞳	(0.25,0.4166667)	(0.03125,0.08333334)	(64,64,0.01)	0	ItemAtlas/icon/Item_icon_0	
1035201	狼袭	(0.28125,0.4166667)	(0.03125,0.08333334)	(64,64,0.01)	0	ItemAtlas/icon/Item_icon_0	
1035204	雪虹剑	(0.3125,0.4166667)	(0.03125,0.08333334)	(64,64,0.01)	0	ItemAtlas/icon/Item_icon_0	
1035209	冰魄	(0.34375,0.4166667)	(0.03125,0.08333334)	(64,64,0.01)	0	ItemAtlas/icon/Item_icon_0	
1035208	邪兵	(0.375,0.4166667)	(0.03125,0.08333334)	(64,64,0.01)	0	ItemAtlas/icon/Item_icon_0	
1034201	虎啸	(0.40625,0.4166667)	(0.03125,0.08333334)	(64,64,0.01)	0	ItemAtlas/icon/Item_icon_0	
1036101	流焰斧	(0.4375,0.4166667)	(0.03125,0.08333334)	(64,64,0.01)	0	ItemAtlas/icon/Item_icon_0	
1035101	碎金斧	(0.46875,0.4166667)	(0.03125,0.08333334)	(64,64,0.01)	0	ItemAtlas/icon/Item_icon_0	
1031201	寒晶刃	(0.5,0.4166667)	(0.03125,0.08333334)	(64,64,0.01)	0	ItemAtlas/icon/Item_icon_0	
1033201	紫极刃	(0.53125,0.4166667)	(0.03125,0.08333334)	(64,64,0.01)	0	ItemAtlas/icon/Item_icon_0	
1032201	冷锋刃	(0.5625,0.4166667)	(0.03125,0.08333334)	(64,64,0.01)	0	ItemAtlas/icon/Item_icon_0	
3010036	青竹幽冥纱	(0.59375,0.4166667)	(0.03125,0.08333334)	(64,64,0.01)	0	ItemAtlas/icon/Item_icon_0	
5030020	昆吾遗宝	(0.625,0.4166667)	(0.03125,0.08333334)	(64,64,0.01)	0	ItemAtlas/icon/Item_icon_0	
5030019	玄天之物	(0.65625,0.4166667)	(0.03125,0.08333334)	(64,64,0.01)	0	ItemAtlas/icon/Item_icon_0	
5030021	冰轮花	(0.6875,0.4166667)	(0.03125,0.08333334)	(64,64,0.01)	0	ItemAtlas/icon/Item_icon_0	
5030023	带血的衣服	(0.71875,0.4166667)	(0.03125,0.08333334)	(64,64,0.01)	0	ItemAtlas/icon/Item_icon_0	
5030022	宛绫草	(0.75,0.4166667)	(0.03125,0.08333334)	(64,64,0.01)	0	ItemAtlas/icon/Item_icon_0	
5030018	奏折	(0.78125,0.4166667)	(0.03125,0.08333334)	(64,64,0.01)	0	ItemAtlas/icon/Item_icon_0	
5030014	苍坤上人	(0.8125,0.4166667)	(0.03125,0.08333334)	(64,64,0.01)	0	ItemAtlas/icon/Item_icon_0	
5030013	抵御魔劫	(0.84375,0.4166667)	(0.03125,0.08333334)	(64,64,0.01)	0	ItemAtlas/icon/Item_icon_0	
5030015	魔谷探宝	(0.875,0.4166667)	(0.03125,0.08333334)	(64,64,0.01)	0	ItemAtlas/icon/Item_icon_0	
5030017	皇室秘闻	(0.90625,0.4166667)	(0.03125,0.08333334)	(64,64,0.01)	0	ItemAtlas/icon/Item_icon_0	
5030016	魔宗要闻	(0.9375,0.4166667)	(0.03125,0.08333334)	(64,64,0.01)	0	ItemAtlas/icon/Item_icon_0	
5030032	剑谱·眨眼剑法	(0.96875,0.4166667)	(0.03125,0.08333334)	(64,64,0.01)	0	ItemAtlas/icon/Item_icon_0	
5030031	辟谷丹	(0,0.5)	(0.03125,0.08333334)	(64,64,0.01)	0	ItemAtlas/icon/Item_icon_0	
5030033	铁精	(0.03125,0.5)	(0.03125,0.08333334)	(64,64,0.01)	0	ItemAtlas/icon/Item_icon_0	
5030035	青溪笔录·一	(0.0625,0.5)	(0.03125,0.08333334)	(64,64,0.01)	0	ItemAtlas/icon/Item_icon_0	
5030034	破损的仙符	(0.09375,0.5)	(0.03125,0.08333334)	(64,64,0.01)	0	ItemAtlas/icon/Item_icon_0	
5030030	长春功·后篇	(0.125,0.5)	(0.03125,0.08333334)	(64,64,0.01)	0	ItemAtlas/icon/Item_icon_0	
5030026	符碑	(0.15625,0.5)	(0.03125,0.08333334)	(64,64,0.01)	0	ItemAtlas/icon/Item_icon_0	
5030025	骇人的脚镣	(0.1875,0.5)	(0.03125,0.08333334)	(64,64,0.01)	0	ItemAtlas/icon/Item_icon_0	
5030027	血晶石	(0.21875,0.5)	(0.03125,0.08333334)	(64,64,0.01)	0	ItemAtlas/icon/Item_icon_0	
5030029	长春功·中篇	(0.25,0.5)	(0.03125,0.08333334)	(64,64,0.01)	0	ItemAtlas/icon/Item_icon_0	
5030028	长春功·前篇	(0.28125,0.5)	(0.03125,0.08333334)	(64,64,0.01)	0	ItemAtlas/icon/Item_icon_0	
4010052	电疾符	(0.3125,0.5)	(0.03125,0.08333334)	(64,64,0.01)	0	ItemAtlas/icon/Item_icon_0	
4010049	禁地符	(0.34375,0.5)	(0.03125,0.08333334)	(64,64,0.01)	0	ItemAtlas/icon/Item_icon_0	
4010055	请仙符	(0.375,0.5)	(0.03125,0.08333334)	(64,64,0.01)	0	ItemAtlas/icon/Item_icon_0	
5010001	木制傀儡	(0.40625,0.5)	(0.03125,0.08333334)	(64,64,0.01)	0	ItemAtlas/icon/Item_icon_0	
4010058	撼雷符	(0.4375,0.5)	(0.03125,0.08333334)	(64,64,0.01)	0	ItemAtlas/icon/Item_icon_0	
4010047	灵爆符	(0.46875,0.5)	(0.03125,0.08333334)	(64,64,0.01)	0	ItemAtlas/icon/Item_icon_0	
4010041	灵陨符	(0.5,0.5)	(0.03125,0.08333334)	(64,64,0.01)	0	ItemAtlas/icon/Item_icon_0	
4010038	棘焰符	(0.53125,0.5)	(0.03125,0.08333334)	(64,64,0.01)	0	ItemAtlas/icon/Item_icon_0	
4010042	雷脉符	(0.5625,0.5)	(0.03125,0.08333334)	(64,64,0.01)	0	ItemAtlas/icon/Item_icon_0	
4010045	圣盾符	(0.59375,0.5)	(0.03125,0.08333334)	(64,64,0.01)	0	ItemAtlas/icon/Item_icon_0	
4010043	雷旋符	(0.625,0.5)	(0.03125,0.08333334)	(64,64,0.01)	0	ItemAtlas/icon/Item_icon_0	
5030009	灵兽百说	(0.65625,0.5)	(0.03125,0.08333334)	(64,64,0.01)	0	ItemAtlas/icon/Item_icon_0	
5030008	飞升	(0.6875,0.5)	(0.03125,0.08333334)	(64,64,0.01)	0	ItemAtlas/icon/Item_icon_0	
5030010	越国修仙界	(0.71875,0.5)	(0.03125,0.08333334)	(64,64,0.01)	0	ItemAtlas/icon/Item_icon_0	
5030012	万古图解	(0.75,0.5)	(0.03125,0.08333334)	(64,64,0.01)	0	ItemAtlas/icon/Item_icon_0	
5030011	天南修仙界	(0.78125,0.5)	(0.03125,0.08333334)	(64,64,0.01)	0	ItemAtlas/icon/Item_icon_0	
5030007	上古丹方	(0.8125,0.5)	(0.03125,0.08333334)	(64,64,0.01)	0	ItemAtlas/icon/Item_icon_0	
5030003	夺舍	(0.84375,0.5)	(0.03125,0.08333334)	(64,64,0.01)	0	ItemAtlas/icon/Item_icon_0	
5030002	五行灵根	(0.875,0.5)	(0.03125,0.08333334)	(64,64,0.01)	0	ItemAtlas/icon/Item_icon_0	
5030004	真灵	(0.90625,0.5)	(0.03125,0.08333334)	(64,64,0.01)	0	ItemAtlas/icon/Item_icon_0	
5030006	炼丹之说	(0.9375,0.5)	(0.03125,0.08333334)	(64,64,0.01)	0	ItemAtlas/icon/Item_icon_0	
5030005	符宝与真宝	(0.96875,0.5)	(0.03125,0.08333334)	(64,64,0.01)	0	ItemAtlas/icon/Item_icon_0	
5030036	青溪笔录·三	(0,0.5833333)	(0.03125,0.08333334)	(64,64,0.01)	0	ItemAtlas/icon/Item_icon_0	
5030066	血禁秘谈·六	(0.03125,0.5833333)	(0.03125,0.08333334)	(64,64,0.01)	0	ItemAtlas/icon/Item_icon_0	
5030065	血禁秘谈·七	(0.0625,0.5833333)	(0.03125,0.08333334)	(64,64,0.01)	0	ItemAtlas/icon/Item_icon_0	
5030067	天灵果	(0.09375,0.5833333)	(0.03125,0.08333334)	(64,64,0.01)	0	ItemAtlas/icon/Item_icon_0	
5030069	玉髓芝	(0.125,0.5833333)	(0.03125,0.08333334)	(64,64,0.01)	0	ItemAtlas/icon/Item_icon_0	
5030068	紫猴花	(0.15625,0.5833333)	(0.03125,0.08333334)	(64,64,0.01)	0	ItemAtlas/icon/Item_icon_0	
5030064	血书碑	(0.1875,0.5833333)	(0.03125,0.08333334)	(64,64,0.01)	0	ItemAtlas/icon/Item_icon_0	
5030060	干枯的兽皮	(0.21875,0.5833333)	(0.03125,0.08333334)	(64,64,0.01)	0	ItemAtlas/icon/Item_icon_0	
5030059	霓裳草	(0.25,0.5833333)	(0.03125,0.08333334)	(64,64,0.01)	0	ItemAtlas/icon/Item_icon_0	
5030061	家书	(0.28125,0.5833333)	(0.03125,0.08333334)	(64,64,0.01)	0	ItemAtlas/icon/Item_icon_0	
5030063	血禁秘谈·三	(0.3125,0.5833333)	(0.03125,0.08333334)	(64,64,0.01)	0	ItemAtlas/icon/Item_icon_0	
5030062	玲珑宝塔	(0.34375,0.5833333)	(0.03125,0.08333334)	(64,64,0.01)	0	ItemAtlas/icon/Item_icon_0	
5030081	元武国野史	(0.375,0.5833333)	(0.03125,0.08333334)	(64,64,0.01)	0	ItemAtlas/icon/Item_icon_0	
5030080	血禁秘谈·九	(0.40625,0.5833333)	(0.03125,0.08333334)	(64,64,0.01)	0	ItemAtlas/icon/Item_icon_0	
5030082	上古灵脉	(0.4375,0.5833333)	(0.03125,0.08333334)	(64,64,0.01)	0	ItemAtlas/icon/Item_icon_0	
5030084	奇怪的信件	(0.46875,0.5833333)	(0.03125,0.08333334)	(64,64,0.01)	0	ItemAtlas/icon/Item_icon_0	
5030083	冰魄寒石	(0.5,0.5833333)	(0.03125,0.08333334)	(64,64,0.01)	0	ItemAtlas/icon/Item_icon_0	
5030075	幻梦石	(0.53125,0.5833333)	(0.03125,0.08333334)	(64,64,0.01)	0	ItemAtlas/icon/Item_icon_0	
5030071	定魂珠	(0.5625,0.5833333)	(0.03125,0.08333334)	(64,64,0.01)	0	ItemAtlas/icon/Item_icon_0	
5030070	灵石	(0.59375,0.5833333)	(0.03125,0.08333334)	(64,64,0.01)	0	ItemAtlas/icon/Item_icon_0	
5030072	炼器诀	(0.625,0.5833333)	(0.03125,0.08333334)	(64,64,0.01)	0	ItemAtlas/icon/Item_icon_0	
5030074	炼晶	(0.65625,0.5833333)	(0.03125,0.08333334)	(64,64,0.01)	0	ItemAtlas/icon/Item_icon_0	
5030073	膏玉	(0.6875,0.5833333)	(0.03125,0.08333334)	(64,64,0.01)	0	ItemAtlas/icon/Item_icon_0	
5030044	机关零件	(0.71875,0.5833333)	(0.03125,0.08333334)	(64,64,0.01)	0	ItemAtlas/icon/Item_icon_0	
5030043	黯淡的灵石	(0.75,0.5833333)	(0.03125,0.08333334)	(64,64,0.01)	0	ItemAtlas/icon/Item_icon_0	
5030045	傀儡精魂	(0.78125,0.5833333)	(0.03125,0.08333334)	(64,64,0.01)	0	ItemAtlas/icon/Item_icon_0	
5030047	太岳灵山	(0.8125,0.5833333)	(0.03125,0.08333334)	(64,64,0.01)	0	ItemAtlas/icon/Item_icon_0	
5030046	青溪笔录·二十三	(0.84375,0.5833333)	(0.03125,0.08333334)	(64,64,0.01)	0	ItemAtlas/icon/Item_icon_0	
5030042	青溪笔录·二十四	(0.875,0.5833333)	(0.03125,0.08333334)	(64,64,0.01)	0	ItemAtlas/icon/Item_icon_0	
5030038	青溪笔录·五	(0.90625,0.5833333)	(0.03125,0.08333334)	(64,64,0.01)	0	ItemAtlas/icon/Item_icon_0	
5030037	青溪笔录·四	(0.9375,0.5833333)	(0.03125,0.08333334)	(64,64,0.01)	0	ItemAtlas/icon/Item_icon_0	
5030039	青溪笔录·十一	(0.96875,0.5833333)	(0.03125,0.08333334)	(64,64,0.01)	0	ItemAtlas/icon/Item_icon_0	
5030041	青溪笔录·十三	(0,0.6666667)	(0.03125,0.08333334)	(64,64,0.01)	0	ItemAtlas/icon/Item_icon_0	
5030040	青溪笔录·十九	(0.03125,0.6666667)	(0.03125,0.08333334)	(64,64,0.01)	0	ItemAtlas/icon/Item_icon_0	
5030055	碎裂的法器	(0.0625,0.6666667)	(0.03125,0.08333334)	(64,64,0.01)	0	ItemAtlas/icon/Item_icon_0	
5030054	染血的书信	(0.09375,0.6666667)	(0.03125,0.08333334)	(64,64,0.01)	0	ItemAtlas/icon/Item_icon_0	
5030056	环形玉佩	(0.125,0.6666667)	(0.03125,0.08333334)	(64,64,0.01)	0	ItemAtlas/icon/Item_icon_0	
5030058	被折断的角	(0.15625,0.6666667)	(0.03125,0.08333334)	(64,64,0.01)	0	ItemAtlas/icon/Item_icon_0	
5030057	掩月宗	(0.1875,0.6666667)	(0.03125,0.08333334)	(64,64,0.01)	0	ItemAtlas/icon/Item_icon_0	
5030053	风来密境	(0.21875,0.6666667)	(0.03125,0.08333334)	(64,64,0.01)	0	ItemAtlas/icon/Item_icon_0	
5030049	灵修现世	(0.25,0.6666667)	(0.03125,0.08333334)	(64,64,0.01)	0	ItemAtlas/icon/Item_icon_0	
5030048	魔道六宗	(0.28125,0.6666667)	(0.03125,0.08333334)	(64,64,0.01)	0	ItemAtlas/icon/Item_icon_0	
5030050	血甲魔功	(0.3125,0.6666667)	(0.03125,0.08333334)	(64,64,0.01)	0	ItemAtlas/icon/Item_icon_0	
5030052	新鲜的果皮	(0.34375,0.6666667)	(0.03125,0.08333334)	(64,64,0.01)	0	ItemAtlas/icon/Item_icon_0	
5030051	灵兽山	(0.375,0.6666667)	(0.03125,0.08333334)	(64,64,0.01)	0	ItemAtlas/icon/Item_icon_0	
4010035	破军符	(0.40625,0.6666667)	(0.03125,0.08333334)	(64,64,0.01)	0	ItemAtlas/icon/Item_icon_0	
3010066	蛟龙骨	(0.4375,0.6666667)	(0.03125,0.08333334)	(64,64,0.01)	0	ItemAtlas/icon/Item_icon_0	
3010065	玉龙蜕	(0.46875,0.6666667)	(0.03125,0.08333334)	(64,64,0.01)	0	ItemAtlas/icon/Item_icon_0	
3010067	炎玉木	(0.5,0.6666667)	(0.03125,0.08333334)	(64,64,0.01)	0	ItemAtlas/icon/Item_icon_0	
3010069	天女丝	(0.53125,0.6666667)	(0.03125,0.08333334)	(64,64,0.01)	0	ItemAtlas/icon/Item_icon_0	
3010068	龙阳貂裘	(0.5625,0.6666667)	(0.03125,0.08333334)	(64,64,0.01)	0	ItemAtlas/icon/Item_icon_0	
3010064	秽邪魔眼	(0.59375,0.6666667)	(0.03125,0.08333334)	(64,64,0.01)	0	ItemAtlas/icon/Item_icon_0	
3010060	红莲佛怒石	(0.625,0.6666667)	(0.03125,0.08333334)	(64,64,0.01)	0	ItemAtlas/icon/Item_icon_0	
3010059	烛龙精筋	(0.65625,0.6666667)	(0.03125,0.08333334)	(64,64,0.01)	0	ItemAtlas/icon/Item_icon_0	
3010061	六翼霜蚣甲	(0.6875,0.6666667)	(0.03125,0.08333334)	(64,64,0.01)	0	ItemAtlas/icon/Item_icon_0	
3010063	龙涎神矿	(0.71875,0.6666667)	(0.03125,0.08333334)	(64,64,0.01)	0	ItemAtlas/icon/Item_icon_0	
3010062	帝女泪	(0.75,0.6666667)	(0.03125,0.08333334)	(64,64,0.01)	0	ItemAtlas/icon/Item_icon_0	
3020007	补天芝	(0.78125,0.6666667)	(0.03125,0.08333334)	(64,64,0.01)	0	ItemAtlas/icon/Item_icon_0	
3020006	腐骨花	(0.8125,0.6666667)	(0.03125,0.08333334)	(64,64,0.01)	0	ItemAtlas/icon/Item_icon_0	
3020008	玄冰花	(0.84375,0.6666667)	(0.03125,0.08333334)	(64,64,0.01)	0	ItemAtlas/icon/Item_icon_0	
3020010	龙鳞果	(0.875,0.6666667)	(0.03125,0.08333334)	(64,64,0.01)	0	ItemAtlas/icon/Item_icon_0	
3020009	千结草	(0.90625,0.6666667)	(0.03125,0.08333334)	(64,64,0.01)	0	ItemAtlas/icon/Item_icon_0	
3020005	血兰	(0.9375,0.6666667)	(0.03125,0.08333334)	(64,64,0.01)	0	ItemAtlas/icon/Item_icon_0	
3020001	黄龙果	(0.96875,0.6666667)	(0.03125,0.08333334)	(64,64,0.01)	0	ItemAtlas/icon/Item_icon_0	
3010070	浣逸残砂	(0,0.75)	(0.03125,0.08333334)	(64,64,0.01)	0	ItemAtlas/icon/Item_icon_0	
3020002	忘忧草	(0.03125,0.75)	(0.03125,0.08333334)	(64,64,0.01)	0	ItemAtlas/icon/Item_icon_0	
3020004	七星草	(0.0625,0.75)	(0.03125,0.08333334)	(64,64,0.01)	0	ItemAtlas/icon/Item_icon_0	
3020003	泣根花	(0.09375,0.75)	(0.03125,0.08333334)	(64,64,0.01)	0	ItemAtlas/icon/Item_icon_0	
3010044	无相之玉	(0.125,0.75)	(0.03125,0.08333334)	(64,64,0.01)	0	ItemAtlas/icon/Item_icon_0	
3010043	无衣神布	(0.15625,0.75)	(0.03125,0.08333334)	(64,64,0.01)	0	ItemAtlas/icon/Item_icon_0	
3010045	雪焰蛛丝	(0.1875,0.75)	(0.03125,0.08333334)	(64,64,0.01)	0	ItemAtlas/icon/Item_icon_0	
3010047	昊阳长翎	(0.21875,0.75)	(0.03125,0.08333334)	(64,64,0.01)	0	ItemAtlas/icon/Item_icon_0	
3010046	紫玉蓉膏	(0.25,0.75)	(0.03125,0.08333334)	(64,64,0.01)	0	ItemAtlas/icon/Item_icon_0	
3010042	古帝玉	(0.28125,0.75)	(0.03125,0.08333334)	(64,64,0.01)	0	ItemAtlas/icon/Item_icon_0	
3010038	五行金刚丝	(0.3125,0.75)	(0.03125,0.08333334)	(64,64,0.01)	0	ItemAtlas/icon/Item_icon_0	
3010037	琉璃灵玉	(0.34375,0.75)	(0.03125,0.08333334)	(64,64,0.01)	0	ItemAtlas/icon/Item_icon_0	
3010039	锦桂花灰	(0.375,0.75)	(0.03125,0.08333334)	(64,64,0.01)	0	ItemAtlas/icon/Item_icon_0	
3010041	九天仙灵珠	(0.40625,0.75)	(0.03125,0.08333334)	(64,64,0.01)	0	ItemAtlas/icon/Item_icon_0	
3010040	赤螺花绒	(0.4375,0.75)	(0.03125,0.08333334)	(64,64,0.01)	0	ItemAtlas/icon/Item_icon_0	
3010055	五曜伏神珠	(0.46875,0.75)	(0.03125,0.08333334)	(64,64,0.01)	0	ItemAtlas/icon/Item_icon_0	
3010054	噬天蛟翼	(0.5,0.75)	(0.03125,0.08333334)	(64,64,0.01)	0	ItemAtlas/icon/Item_icon_0	
3010056	元磁重土	(0.53125,0.75)	(0.03125,0.08333334)	(64,64,0.01)	0	ItemAtlas/icon/Item_icon_0	
3010058	龙鳍藻玉	(0.5625,0.75)	(0.03125,0.08333334)	(64,64,0.01)	0	ItemAtlas/icon/Item_icon_0	
3010057	白羽蛟绡	(0.59375,0.75)	(0.03125,0.08333334)	(64,64,0.01)	0	ItemAtlas/icon/Item_icon_0	
3010053	巫咸之息	(0.625,0.75)	(0.03125,0.08333334)	(64,64,0.01)	0	ItemAtlas/icon/Item_icon_0	
3010049	耀金重土	(0.65625,0.75)	(0.03125,0.08333334)	(64,64,0.01)	0	ItemAtlas/icon/Item_icon_0	
3010048	辰星水珠	(0.6875,0.75)	(0.03125,0.08333334)	(64,64,0.01)	0	ItemAtlas/icon/Item_icon_0	
3010050	荧惑炎翅	(0.71875,0.75)	(0.03125,0.08333334)	(64,64,0.01)	0	ItemAtlas/icon/Item_icon_0	
3010052	血鬼蛛丝	(0.75,0.75)	(0.03125,0.08333334)	(64,64,0.01)	0	ItemAtlas/icon/Item_icon_0	
3010051	万象之玉	(0.78125,0.75)	(0.03125,0.08333334)	(64,64,0.01)	0	ItemAtlas/icon/Item_icon_0	
3020011	菀梦果	(0.8125,0.75)	(0.03125,0.08333334)	(64,64,0.01)	0	ItemAtlas/icon/Item_icon_0	
4010002	暗藤符	(0.84375,0.75)	(0.03125,0.08333334)	(64,64,0.01)	0	ItemAtlas/icon/Item_icon_0	
4010001	猛毒符	(0.875,0.75)	(0.03125,0.08333334)	(64,64,0.01)	0	ItemAtlas/icon/Item_icon_0	
4010003	毒灵符	(0.90625,0.75)	(0.03125,0.08333334)	(64,64,0.01)	0	ItemAtlas/icon/Item_icon_0	
4010007	控神符	(0.9375,0.75)	(0.03125,0.08333334)	(64,64,0.01)	0	ItemAtlas/icon/Item_icon_0	
4010005	毒刺符	(0.96875,0.75)	(0.03125,0.08333334)	(64,64,0.01)	0	ItemAtlas/icon/Item_icon_0	
3030009	铜纹符文卷轴	(0,0.8333333)	(0.03125,0.08333334)	(64,64,0.01)	0	ItemAtlas/icon/Item_icon_0	
3030005	银蝌符文卷轴	(0.03125,0.8333333)	(0.03125,0.08333334)	(64,64,0.01)	0	ItemAtlas/icon/Item_icon_0	
3030004	水龙玉	(0.0625,0.8333333)	(0.03125,0.08333334)	(64,64,0.01)	0	ItemAtlas/icon/Item_icon_0	
3030006	魂砂	(0.09375,0.8333333)	(0.03125,0.08333334)	(64,64,0.01)	0	ItemAtlas/icon/Item_icon_0	
3030008	金篆符文卷轴	(0.125,0.8333333)	(0.03125,0.08333334)	(64,64,0.01)	0	ItemAtlas/icon/Item_icon_0	
3030007	天外陨晶	(0.15625,0.8333333)	(0.03125,0.08333334)	(64,64,0.01)	0	ItemAtlas/icon/Item_icon_0	
4010025	火影符	(0.1875,0.8333333)	(0.03125,0.08333334)	(64,64,0.01)	0	ItemAtlas/icon/Item_icon_0	
4010023	冰锥符	(0.21875,0.8333333)	(0.03125,0.08333334)	(64,64,0.01)	0	ItemAtlas/icon/Item_icon_0	
4010027	冰袭符	(0.25,0.8333333)	(0.03125,0.08333334)	(64,64,0.01)	0	ItemAtlas/icon/Item_icon_0	
4010032	借命符	(0.28125,0.8333333)	(0.03125,0.08333334)	(64,64,0.01)	0	ItemAtlas/icon/Item_icon_0	
4010029	火刃符	(0.3125,0.8333333)	(0.03125,0.08333334)	(64,64,0.01)	0	ItemAtlas/icon/Item_icon_0	
4010022	血龙符	(0.34375,0.8333333)	(0.03125,0.08333334)	(64,64,0.01)	0	ItemAtlas/icon/Item_icon_0	
4010012	木体符	(0.375,0.8333333)	(0.03125,0.08333334)	(64,64,0.01)	0	ItemAtlas/icon/Item_icon_0	
4010009	毒刃符	(0.40625,0.8333333)	(0.03125,0.08333334)	(64,64,0.01)	0	ItemAtlas/icon/Item_icon_0	
4010015	毒爆符	(0.4375,0.8333333)	(0.03125,0.08333334)	(64,64,0.01)	0	ItemAtlas/icon/Item_icon_0	
4010021	冰冻符	(0.46875,0.8333333)	(0.03125,0.08333334)	(64,64,0.01)	0	ItemAtlas/icon/Item_icon_0	
4010018	咒言符	(0.5,0.8333333)	(0.03125,0.08333334)	(64,64,0.01)	0	ItemAtlas/icon/Item_icon_0	
3020019	寿元果	(0.53125,0.8333333)	(0.03125,0.08333334)	(64,64,0.01)	0	ItemAtlas/icon/Item_icon_0	
3020018	灵乳根	(0.5625,0.8333333)	(0.03125,0.08333334)	(64,64,0.01)	0	ItemAtlas/icon/Item_icon_0	
3020020	凝血草	(0.59375,0.8333333)	(0.03125,0.08333334)	(64,64,0.01)	0	ItemAtlas/icon/Item_icon_0	
3020022	断肠菇	(0.625,0.8333333)	(0.03125,0.08333334)	(64,64,0.01)	0	ItemAtlas/icon/Item_icon_0	
3020021	火榴果	(0.65625,0.8333333)	(0.03125,0.08333334)	(64,64,0.01)	0	ItemAtlas/icon/Item_icon_0	
3020017	青罗果	(0.6875,0.8333333)	(0.03125,0.08333334)	(64,64,0.01)	0	ItemAtlas/icon/Item_icon_0	
3020013	银精芝	(0.71875,0.8333333)	(0.03125,0.08333334)	(64,64,0.01)	0	ItemAtlas/icon/Item_icon_0	
3020012	金铃子	(0.75,0.8333333)	(0.03125,0.08333334)	(64,64,0.01)	0	ItemAtlas/icon/Item_icon_0	
3020014	天青花	(0.78125,0.8333333)	(0.03125,0.08333334)	(64,64,0.01)	0	ItemAtlas/icon/Item_icon_0	
3020016	冰灵果	(0.8125,0.8333333)	(0.03125,0.08333334)	(64,64,0.01)	0	ItemAtlas/icon/Item_icon_0	
3020015	炎阳苔	(0.84375,0.8333333)	(0.03125,0.08333334)	(64,64,0.01)	0	ItemAtlas/icon/Item_icon_0	
3020030	采薇花	(0.875,0.8333333)	(0.03125,0.08333334)	(64,64,0.01)	0	ItemAtlas/icon/Item_icon_0	
3020029	含烟草	(0.90625,0.8333333)	(0.03125,0.08333334)	(64,64,0.01)	0	ItemAtlas/icon/Item_icon_0	
3030001	朱砂	(0.9375,0.8333333)	(0.03125,0.08333334)	(64,64,0.01)	0	ItemAtlas/icon/Item_icon_0	
3030003	血砂	(0.96875,0.8333333)	(0.03125,0.08333334)	(64,64,0.01)	0	ItemAtlas/icon/Item_icon_0	
3030002	太乙火	(0,0.9166667)	(0.03125,0.08333334)	(64,64,0.01)	0	ItemAtlas/icon/Item_icon_0	
3020028	龙纹藤	(0.03125,0.9166667)	(0.03125,0.08333334)	(64,64,0.01)	0	ItemAtlas/icon/Item_icon_0	
3020024	赤精芝	(0.0625,0.9166667)	(0.03125,0.08333334)	(64,64,0.01)	0	ItemAtlas/icon/Item_icon_0	
3020023	天元果	(0.09375,0.9166667)	(0.03125,0.08333334)	(64,64,0.01)	0	ItemAtlas/icon/Item_icon_0	
3020025	三晶花	(0.125,0.9166667)	(0.03125,0.08333334)	(64,64,0.01)	0	ItemAtlas/icon/Item_icon_0	
3020027	益元草	(0.15625,0.9166667)	(0.03125,0.08333334)	(64,64,0.01)	0	ItemAtlas/icon/Item_icon_0	
3020026	甘华草	(0.1875,0.9166667)	(0.03125,0.08333334)	(64,64,0.01)	0	ItemAtlas/icon/Item_icon_0	